"puntos" "elevac0" "lon" "lat" "z" "rapMax" "rapMedia"
201 1.07 574399.37 2107200 14.9457167239502 0.0128386012130239 0.00378022549834763
202 1.07 574399.37 2107150 15.1562057894697 0.0112350389593756 0.00354445930985985
203 1.07 574399.37 2107100 15.6404461710088 0.0131804445817551 0.00457705867433153
204 1.07 574399.37 2107050 15.527552625966 0.00964544902942138 0.00559378752151438
205 1.07 574399.37 2107000 15.2510273299612 0.00951388420981579 0.0040264297439182
206 1.07 574399.37 2106950 14.8924473232854 0.00737714673840882 0.0035954388318117
207 1.07 574399.37 2106900 14.6317325545431 0.00867640977768674 0.00342866528352572
208 1.07 574449.37 2107850 12.593699220177 0.0279431358477596 0.00676922891593531
209 1.07 574449.37 2107800 14.5596397611829 0.023291331001063 0.00588591917840793
210 1.07 574449.37 2107750 14.8643491710495 0.0279847875040043 0.0064503228480468
211 1.07 574449.37 2107700 15.9223568062892 0.0264293806738916 0.00856231379875704
212 1.07 574449.37 2107650 16.364472324835 0.0206651757362413 0.00640264165142451
213 1.07 574449.37 2107600 16.5404602837461 0.0218070639666363 0.0046289698955405
214 1.07 574449.37 2107550 16.6890626179922 0.0237516490259506 0.00575141823437572
215 1.07 574449.37 2107500 16.8852000214404 0.0220565581958165 0.00561829898084603
216 1.07 574449.37 2107450 16.6302864007293 0.0216184354244981 0.00732050632715479
217 1.07 574449.37 2107400 16.3564795449383 0.021949730507626 0.00594005236977287
218 1.07 574449.37 2107350 16.3392247920943 0.0238452239703338 0.0070882702365461
219 1.07 574449.37 2107300 16.3508814726267 0.0207265943872232 0.00352812753290078
220 1.07 574449.37 2107250 15.2373171092206 0.0148402247068543 0.00519567945636403
221 1.07 574449.37 2107200 15.037399966551 0.0117830052156107 0.00394864979934442
222 1.07 574449.37 2107150 15.0456499287955 0.0149836062379887 0.0034759548088839
223 1.07 574449.37 2107100 15.270106798591 0.0119825836052708 0.00500856652638637
224 1.07 574449.37 2107050 15.3756299352015 0.0129757099382153 0.00423771004276282
225 1.07 574449.37 2107000 14.7109476378837 0.00851433098459886 0.00229896679211615
226 1.07 574449.37 2106950 13.8211893249225 0.00802944708898859 0.00297093317216841
227 1.07 574499.37 2107950 12.9057916476116 0.0328121615431444 0.00676030426293671
228 1.07 574499.37 2107900 14.5968349014818 0.0339477958020169 0.00852992767810601
229 1.07 574499.37 2107850 16.1444454515823 0.0289638412097708 0.00817821675307498
230 1.07 574499.37 2107800 16.0512904731084 0.0287588299316663 0.00678753940170747
231 1.07 574499.37 2107750 16.1399385096339 0.0284687680388473 0.00674906513244015
232 1.07 574499.37 2107700 16.300828125674 0.0283602321483152 0.00839152890044493
233 1.07 574499.37 2107650 16.8189241254192 0.0254761587878053 0.00922072350817373
234 1.07 574499.37 2107600 16.7887814272997 0.0250950990661771 0.00697326321261091
235 1.07 574499.37 2107550 16.5682099235167 0.0277817368280936 0.00579158281143507
236 1.07 574499.37 2107500 16.6618590727089 0.0270842080701808 0.00648628526874354
237 1.07 574499.37 2107450 16.2109371198351 0.028404759451005 0.00894592361951279
238 1.07 574499.37 2107400 15.9831653763833 0.0290868368981721 0.00801284269826404
239 1.07 574499.37 2107350 16.0694811542405 0.0292466922523541 0.00849574619528001
240 1.07 574499.37 2107300 15.0819686605545 0.0265444680954461 0.00612836160427774
241 1.07 574499.37 2107250 15.285657638043 0.0177441062358527 0.00469300788656675
242 1.07 574499.37 2107200 14.8253945647365 0.020426672407284 0.00576666926297649
243 1.07 574499.37 2107150 13.5714728588286 0.0135858049369024 0.00291401482260059
244 1.07 574499.37 2107100 14.3237226431001 0.0115682306467003 0.00397381089528194
245 1.07 574549.37 2108100 14.3682953185292 0.0415764494468555 0.0105101559145214
246 1.07 574549.37 2108050 16.2723392667484 0.0357951749787877 0.00892218932605609
247 1.07 574549.37 2108000 16.2868735336897 0.0334005702139323 0.00744994075444123
248 1.07 574549.37 2107950 16.1841961394507 0.0404055512836802 0.00970925108033428
249 1.07 574549.37 2107900 16.1489723408061 0.0328777671764027 0.00987531303487994
250 1.07 574549.37 2107850 16.5290348695381 0.0285826242725185 0.00790684695793777
201 1.08 574399.37 2107200 14.9457167239502 0.0211477499382649 0.00625902437462705
202 1.08 574399.37 2107150 15.1562057894697 0.0124356517748515 0.00521909924597903
203 1.08 574399.37 2107100 15.6404461710088 0.0154831824873826 0.00554319233687164
204 1.08 574399.37 2107050 15.527552625966 0.0116026799318873 0.00390931759819532
205 1.08 574399.37 2107000 15.2510273299612 0.0070522126461467 0.00333298868705636
206 1.08 574399.37 2106950 14.8924473232854 0.00757708185515189 0.00261691489717334
207 1.08 574399.37 2106900 14.6317325545431 0.0107474621070322 0.00434456389054095
208 1.08 574449.37 2107850 12.593699220177 0.0226499273440001 0.00681683608886578
209 1.08 574449.37 2107800 14.5596397611829 0.0246140856921281 0.00911640654427719
210 1.08 574449.37 2107750 14.8643491710495 0.0233047537689397 0.00849622493119644
211 1.08 574449.37 2107700 15.9223568062892 0.019988383955056 0.00697313030239653
212 1.08 574449.37 2107650 16.364472324835 0.0311231878866896 0.0115040581175542
213 1.08 574449.37 2107600 16.5404602837461 0.0261817822339616 0.0118276650369742
214 1.08 574449.37 2107550 16.6890626179922 0.00972065286442462 0.00372746382975712
215 1.08 574449.37 2107500 16.8852000214404 0.0256563235941945 0.0137701751880711
216 1.08 574449.37 2107450 16.6302864007293 0.0130780286566962 0.00739467909315206
217 1.08 574449.37 2107400 16.3564795449383 0.0115489827118491 0.00512619776256957
218 1.08 574449.37 2107350 16.3392247920943 0.0149424509005756 0.0077505981978711
219 1.08 574449.37 2107300 16.3508814726267 0.0174692189175146 0.00586321158364684
220 1.08 574449.37 2107250 15.2373171092206 0.016539940792956 0.00450343427749403
221 1.08 574449.37 2107200 15.037399966551 0.0191508133273642 0.00500689513591519
222 1.08 574449.37 2107150 15.0456499287955 0.0145160885511233 0.00521395115994221
223 1.08 574449.37 2107100 15.270106798591 0.0140563499751027 0.0054702750826449
224 1.08 574449.37 2107050 15.3756299352015 0.0141587124669193 0.00380811143918019
225 1.08 574449.37 2107000 14.7109476378837 0.0147183575796087 0.00436076743953186
226 1.08 574449.37 2106950 13.8211893249225 0.00967713801773156 0.00303255533081019
227 1.08 574499.37 2107950 12.9057916476116 0.0288395758780093 0.00750019449917985
228 1.08 574499.37 2107900 14.5968349014818 0.0270125836513912 0.0104650343173409
229 1.08 574499.37 2107850 16.1444454515823 0.0300674345265068 0.00762010653413223
230 1.08 574499.37 2107800 16.0512904731084 0.0233795615747417 0.00843440113445856
231 1.08 574499.37 2107750 16.1399385096339 0.0310293523989288 0.0106178620032322
232 1.08 574499.37 2107700 16.300828125674 0.0310293523989288 0.0106178620032322
233 1.08 574499.37 2107650 16.8189241254192 0.0236807636729191 0.0110411144590854
234 1.08 574499.37 2107600 16.7887814272997 0.0236807636729191 0.0110411144590854
235 1.08 574499.37 2107550 16.5682099235167 0.0174072875619387 0.00459243073853127
236 1.08 574499.37 2107500 16.6618590727089 0.0258108782825178 0.0114212267773606
237 1.08 574499.37 2107450 16.2109371198351 0.0160989313079542 0.0058537881408784
238 1.08 574499.37 2107400 15.9831653763833 0.0150186301509888 0.00435447895580641
239 1.08 574499.37 2107350 16.0694811542405 0.0117060803243705 0.0040265463350438
240 1.08 574499.37 2107300 15.0819686605545 0.0131102025112607 0.00400614841678312
241 1.08 574499.37 2107250 15.285657638043 0.0134700952252777 0.00268551630353235
242 1.08 574499.37 2107200 14.8253945647365 0.0115890682767277 0.00285550241296662
243 1.08 574499.37 2107150 13.5714728588286 0.0120628471412206 0.00319726956636843
244 1.08 574499.37 2107100 14.3237226431001 0.0317014426730324 0.0142088979722398
245 1.08 574549.37 2108100 14.3682953185292 0.0376243192608387 0.0130125910235614
246 1.08 574549.37 2108050 16.2723392667484 0.0333367244472588 0.0174386666006985
247 1.08 574549.37 2108000 16.2868735336897 0.0219127373477539 0.00989833532589225
248 1.08 574549.37 2107950 16.1841961394507 0.0207094899740889 0.00823849392562126
249 1.08 574549.37 2107900 16.1489723408061 0.0201390815764925 0.00783944012982378
250 1.08 574549.37 2107850 16.5290348695381 0.02123534721227 0.00936800983419269
201 1.24 574399.37 2107200 14.9457167239502 0.0169814716422064 0.00596590057778128
202 1.24 574399.37 2107150 15.1562057894697 0.0170169170073294 0.00579529514691759
203 1.24 574399.37 2107100 15.6404461710088 0.0148727563983555 0.0068343217024607
204 1.24 574399.37 2107050 15.527552625966 0.0184122015284625 0.00569903950121531
205 1.24 574399.37 2107000 15.2510273299612 0.0115530445721002 0.00521908031721255
206 1.24 574399.37 2106950 14.8924473232854 0.0176231878386029 0.00796157573637949
207 1.24 574399.37 2106900 14.6317325545431 0.00866187269147117 0.00424474921857293
208 1.24 574449.37 2107850 12.593699220177 0.0270529862431406 0.00840916159998342
209 1.24 574449.37 2107800 14.5596397611829 0.0221280269774389 0.00829638010283189
210 1.24 574449.37 2107750 14.8643491710495 0.0255309035792685 0.00891204512058287
211 1.24 574449.37 2107700 15.9223568062892 0.0251019299645401 0.00933406900116976
212 1.24 574449.37 2107650 16.364472324835 0.0277264455791597 0.00876838900735689
213 1.24 574449.37 2107600 16.5404602837461 0.0267300160471079 0.00640605398244345
214 1.24 574449.37 2107550 16.6890626179922 0.0311873595531691 0.00762410157713056
215 1.24 574449.37 2107500 16.8852000214404 0.0300558942302177 0.00776102049888072
216 1.24 574449.37 2107450 16.6302864007293 0.0242127440537927 0.00809737085907096
217 1.24 574449.37 2107400 16.3564795449383 0.0224579021599879 0.00809034379612622
218 1.24 574449.37 2107350 16.3392247920943 0.0281507803445781 0.00705057932863178
219 1.24 574449.37 2107300 16.3508814726267 0.0214536123617417 0.00433687446579058
220 1.24 574449.37 2107250 15.2373171092206 0.0226679909745717 0.00547043834558428
221 1.24 574449.37 2107200 15.037399966551 0.0169590549047437 0.00418332762620274
222 1.24 574449.37 2107150 15.0456499287955 0.0217993121121307 0.00392198088680417
223 1.24 574449.37 2107100 15.270106798591 0.0141531978983002 0.00410354421558841
224 1.24 574449.37 2107050 15.3756299352015 0.0274380769597056 0.0062331251228394
225 1.24 574449.37 2107000 14.7109476378837 0.00799160859858889 0.00253491924458748
226 1.24 574449.37 2106950 13.8211893249225 0.00944975755157395 0.00538804263281595
227 1.24 574499.37 2107950 12.9057916476116 0.0374551520566955 0.00938781675032485
228 1.24 574499.37 2107900 14.5968349014818 0.0374551520566955 0.00938781675032485
229 1.24 574499.37 2107850 16.1444454515823 0.0357212579487185 0.010005013579896
230 1.24 574499.37 2107800 16.0512904731084 0.0284404795653837 0.00814370558309049
231 1.24 574499.37 2107750 16.1399385096339 0.0271753743006987 0.00685686384006128
232 1.24 574499.37 2107700 16.300828125674 0.0301272515889005 0.00797783743525438
233 1.24 574499.37 2107650 16.8189241254192 0.0296525472683502 0.00761087826136971
234 1.24 574499.37 2107600 16.7887814272997 0.0265795829543858 0.00712658497996415
235 1.24 574499.37 2107550 16.5682099235167 0.0286292996421436 0.00687867156055632
236 1.24 574499.37 2107500 16.6618590727089 0.0285792859363115 0.00665778626155606
237 1.24 574499.37 2107450 16.2109371198351 0.0218873470026399 0.00607823643873242
238 1.24 574499.37 2107400 15.9831653763833 0.0207929782691851 0.00568993702600141
239 1.24 574499.37 2107350 16.0694811542405 0.0176359621497258 0.00460894257831899
240 1.24 574499.37 2107300 15.0819686605545 0.0229634881005809 0.00482246891721859
241 1.24 574499.37 2107250 15.285657638043 0.0231866850598654 0.00796106308260257
242 1.24 574499.37 2107200 14.8253945647365 0.0206466796736645 0.00463375587263512
243 1.24 574499.37 2107150 13.5714728588286 0.0259476351765245 0.0047343844689715
244 1.24 574499.37 2107100 14.3237226431001 0.0216671100563454 0.0044191689301233
245 1.24 574549.37 2108100 14.3682953185292 0.0497664957257588 0.0105544659092181
246 1.24 574549.37 2108050 16.2723392667484 0.0453454978817434 0.0100476122522383
247 1.24 574549.37 2108000 16.2868735336897 0.0343324283889553 0.00808718281764111
248 1.24 574549.37 2107950 16.1841961394507 0.0435315967829076 0.00979822093489489
249 1.24 574549.37 2107900 16.1489723408061 0.0363496353144082 0.00856824737472844
250 1.24 574549.37 2107850 16.5290348695381 0.0319658347691864 0.0086418018943304
201 1.42 574399.37 2107200 14.9457167239502 0.0277306191667341 0.00515281384403268
202 1.42 574399.37 2107150 15.1562057894697 0.0302694488538593 0.00741397934272202
203 1.42 574399.37 2107100 15.6404461710088 0.0278402934446534 0.0061662866317805
204 1.42 574399.37 2107050 15.527552625966 0.0241682369332227 0.00565825304692529
205 1.42 574399.37 2107000 15.2510273299612 0.0161009496838304 0.00631919692888316
206 1.42 574399.37 2106950 14.8924473232854 0.0149455662992758 0.0045518456156198
207 1.42 574399.37 2106900 14.6317325545431 0.013629115287966 0.00418253796288271
208 1.42 574449.37 2107850 12.593699220177 0.0359503941563008 0.0105596700048565
209 1.42 574449.37 2107800 14.5596397611829 0.0385194079565273 0.0104027069481418
210 1.42 574449.37 2107750 14.8643491710495 0.0339736729188814 0.00906689111781245
211 1.42 574449.37 2107700 15.9223568062892 0.0350939993282427 0.0107456509673488
212 1.42 574449.37 2107650 16.364472324835 0.0295891214490245 0.00765157034584848
213 1.42 574449.37 2107600 16.5404602837461 0.0347651912805751 0.0088979863353819
214 1.42 574449.37 2107550 16.6890626179922 0.0289608688979766 0.00885474735779201
215 1.42 574449.37 2107500 16.8852000214404 0.0337628179700328 0.00791199833338524
216 1.42 574449.37 2107450 16.6302864007293 0.0334233150722342 0.00793850268642055
217 1.42 574449.37 2107400 16.3564795449383 0.0383665156569608 0.00709554486754667
218 1.42 574449.37 2107350 16.3392247920943 0.0306152202057917 0.0065295075484909
219 1.42 574449.37 2107300 16.3508814726267 0.03300231870119 0.00714024325304529
220 1.42 574449.37 2107250 15.2373171092206 0.0255472891570759 0.00609158290581152
221 1.42 574449.37 2107200 15.037399966551 0.0291436067617505 0.00554748269391456
222 1.42 574449.37 2107150 15.0456499287955 0.0241473444073025 0.00520666911337311
223 1.42 574449.37 2107100 15.270106798591 0.0252883121185896 0.00648511808548767
224 1.42 574449.37 2107050 15.3756299352015 0.021625261028607 0.00485172152024414
225 1.42 574449.37 2107000 14.7109476378837 0.0219452028676862 0.00406315748465796
226 1.42 574449.37 2106950 13.8211893249225 0.0127278507613148 0.0029810666113755
227 1.42 574499.37 2107950 12.9057916476116 0.0499345643307068 0.0119397143659065
228 1.42 574499.37 2107900 14.5968349014818 0.0540647635150262 0.0132088090482287
229 1.42 574499.37 2107850 16.1444454515823 0.0412727379302177 0.010358360811451
230 1.42 574499.37 2107800 16.0512904731084 0.035473252076585 0.00904926088733786
231 1.42 574499.37 2107750 16.1399385096339 0.0352741242884846 0.00932611852779308
232 1.42 574499.37 2107700 16.300828125674 0.0413289296620726 0.0118738314446758
233 1.42 574499.37 2107650 16.8189241254192 0.0347753200986929 0.00834129509770667
234 1.42 574499.37 2107600 16.7887814272997 0.0326371885716894 0.00780360328088011
235 1.42 574499.37 2107550 16.5682099235167 0.0305474910476478 0.00732964295480284
236 1.42 574499.37 2107500 16.6618590727089 0.0347499556177558 0.00727214368892637
237 1.42 574499.37 2107450 16.2109371198351 0.0366682615896872 0.00775819348473531
238 1.42 574499.37 2107400 15.9831653763833 0.034629973816657 0.0066301284835306
239 1.42 574499.37 2107350 16.0694811542405 0.0306152202057917 0.0065295075484909
240 1.42 574499.37 2107300 15.0819686605545 0.034610465937147 0.00584616855532074
241 1.42 574499.37 2107250 15.285657638043 0.0346120733063269 0.00705616003950849
242 1.42 574499.37 2107200 14.8253945647365 0.0356835447579789 0.00621107858509511
243 1.42 574499.37 2107150 13.5714728588286 0.0285258414881142 0.00517810399090284
244 1.42 574499.37 2107100 14.3237226431001 0.0280450276988628 0.00632462654051773
245 1.42 574549.37 2108100 14.3682953185292 0.0630449118256122 0.0132721300425828
246 1.42 574549.37 2108050 16.2723392667484 0.065153064492852 0.0144913775135251
247 1.42 574549.37 2108000 16.2868735336897 0.0658288503943333 0.0141357388300257
248 1.42 574549.37 2107950 16.1841961394507 0.0494821525437742 0.0108927936039302
249 1.42 574549.37 2107900 16.1489723408061 0.0501623710343828 0.0125886654574157
250 1.42 574549.37 2107850 16.5290348695381 0.0410808171234977 0.0108119729249405
201 1.46 574399.37 2107200 14.9457167239502 0.0358936676904259 0.0083571082916929
202 1.46 574399.37 2107150 15.1562057894697 0.0351153028244385 0.0071080870197939
203 1.46 574399.37 2107100 15.6404461710088 0.026054400573061 0.00651711014194101
204 1.46 574399.37 2107050 15.527552625966 0.0259051796762822 0.00578573597866723
205 1.46 574399.37 2107000 15.2510273299612 0.0233447617895255 0.00762239254529791
206 1.46 574399.37 2106950 14.8924473232854 0.0200686995939701 0.00545458973209481
207 1.46 574399.37 2106900 14.6317325545431 0.0175484972836271 0.00576016609394382
208 1.46 574449.37 2107850 12.593699220177 0.0302194786907215 0.0104771234739239
209 1.46 574449.37 2107800 14.5596397611829 0.0302194786907215 0.0104771234739239
210 1.46 574449.37 2107750 14.8643491710495 0.0256943497410518 0.0105671953203889
211 1.46 574449.37 2107700 15.9223568062892 0.0285676313537002 0.00953570500475979
212 1.46 574449.37 2107650 16.364472324835 0.0310944366628194 0.0124074958731292
213 1.46 574449.37 2107600 16.5404602837461 0.0242363092053617 0.0114813016634289
214 1.46 574449.37 2107550 16.6890626179922 0.0279013403798532 0.00985614164861319
215 1.46 574449.37 2107500 16.8852000214404 0.0315073684129265 0.00957545560457474
216 1.46 574449.37 2107450 16.6302864007293 0.0353691346880729 0.00957159891289144
217 1.46 574449.37 2107400 16.3564795449383 0.0330601006530358 0.00860960352507062
218 1.46 574449.37 2107350 16.3392247920943 0.029817792170975 0.0112557597639503
219 1.46 574449.37 2107300 16.3508814726267 0.032658132970485 0.0117068803405853
220 1.46 574449.37 2107250 15.2373171092206 0.0342495117796449 0.010058319714191
221 1.46 574449.37 2107200 15.037399966551 0.0336614117871444 0.00786265067983268
222 1.46 574449.37 2107150 15.0456499287955 0.0297095933013581 0.00718093512401328
223 1.46 574449.37 2107100 15.270106798591 0.0253563603241543 0.00677027291579767
224 1.46 574449.37 2107050 15.3756299352015 0.0268186153340961 0.00634485557835767
225 1.46 574449.37 2107000 14.7109476378837 0.0211363009525545 0.00524426131767777
226 1.46 574449.37 2106950 13.8211893249225 0.0150771247149133 0.0034072579223315
227 1.46 574499.37 2107950 12.9057916476116 0.0248163280840185 0.0109702941448976
228 1.46 574499.37 2107900 14.5968349014818 0.0300775498666066 0.0123344890827036
229 1.46 574499.37 2107850 16.1444454515823 0.0275830402404126 0.0106843174750389
230 1.46 574499.37 2107800 16.0512904731084 0.0211765405767207 0.00985524071847488
231 1.46 574499.37 2107750 16.1399385096339 0.0196440448100719 0.0101041178235513
232 1.46 574499.37 2107700 16.300828125674 0.0212028831941866 0.00883670109179519
233 1.46 574499.37 2107650 16.8189241254192 0.0186291162182251 0.0103051142953176
234 1.46 574499.37 2107600 16.7887814272997 0.0327616359020548 0.00937419171248024
235 1.46 574499.37 2107550 16.5682099235167 0.0287503976427632 0.00904289630059042
236 1.46 574499.37 2107500 16.6618590727089 0.0344772584109053 0.0100323945811004
237 1.46 574499.37 2107450 16.2109371198351 0.0347128516937775 0.0103638914777023
238 1.46 574499.37 2107400 15.9831653763833 0.0330521526305838 0.0086968261145991
239 1.46 574499.37 2107350 16.0694811542405 0.0401386334446766 0.00754321215063571
240 1.46 574499.37 2107300 15.0819686605545 0.0376644742699225 0.00736606889624688
241 1.46 574499.37 2107250 15.285657638043 0.03469891789605 0.00731276353651161
242 1.46 574499.37 2107200 14.8253945647365 0.0325386467040168 0.00643416712444307
243 1.46 574499.37 2107150 13.5714728588286 0.0275634643253138 0.00796869987498521
244 1.46 574499.37 2107100 14.3237226431001 0.028021985527926 0.00571083035387526
245 1.46 574549.37 2108100 14.3682953185292 0.0405548013050615 0.0170731671010549
246 1.46 574549.37 2108050 16.2723392667484 0.0412919122682508 0.0157957563946842
247 1.46 574549.37 2108000 16.2868735336897 0.0317497876156214 0.0134793990920254
248 1.46 574549.37 2107950 16.1841961394507 0.0296349463058485 0.0129424745706482
249 1.46 574549.37 2107900 16.1489723408061 0.0251199841586244 0.0127036140028855
250 1.46 574549.37 2107850 16.5290348695381 0.0255673223091762 0.0135532466241775
201 1.6 574399.37 2107200 14.9457167239502 0.0187932354944906 0.00926787389952292
202 1.6 574399.37 2107150 15.1562057894697 0.0166948696049511 0.00859618935152385
203 1.6 574399.37 2107100 15.6404461710088 0.0197242990165179 0.01266444594152
204 1.6 574399.37 2107050 15.527552625966 0.0252532805703264 0.00872797322844236
205 1.6 574399.37 2107000 15.2510273299612 0.0175005304611491 0.00631473110386245
206 1.6 574399.37 2106950 14.8924473232854 0.0168741261225797 0.00601680138835267
207 1.6 574399.37 2106900 14.6317325545431 0.0155446849983526 0.00667980800989557
208 1.6 574449.37 2107850 12.593699220177 0.0337891792771209 0.0130302327360669
209 1.6 574449.37 2107800 14.5596397611829 0.0379685378222698 0.0105204778065077
210 1.6 574449.37 2107750 14.8643491710495 0.0321014516409518 0.00974199202848406
211 1.6 574449.37 2107700 15.9223568062892 0.0307271143442398 0.00862387452570681
212 1.6 574449.37 2107650 16.364472324835 0.032664270068864 0.00976270194204109
213 1.6 574449.37 2107600 16.5404602837461 0.032664270068864 0.00976270194204109
214 1.6 574449.37 2107550 16.6890626179922 0.0229460496648695 0.00866768112849353
215 1.6 574449.37 2107500 16.8852000214404 0.0295688457221256 0.00741865512784146
216 1.6 574449.37 2107450 16.6302864007293 0.0386690989545024 0.00925632517054692
217 1.6 574449.37 2107400 16.3564795449383 0.0386690989545024 0.00925632517054692
218 1.6 574449.37 2107350 16.3392247920943 0.0335410217181567 0.00848427672902897
219 1.6 574449.37 2107300 16.3508814726267 0.0350466871508598 0.00794616940021686
220 1.6 574449.37 2107250 15.2373171092206 0.0307054336344825 0.0102196724486137
221 1.6 574449.37 2107200 15.037399966551 0.0187932354944906 0.00926787389952292
222 1.6 574449.37 2107150 15.0456499287955 0.0166948696049511 0.00859618935152385
223 1.6 574449.37 2107100 15.270106798591 0.0197242990165179 0.01266444594152
224 1.6 574449.37 2107050 15.3756299352015 0.0252532805703264 0.00872797322844236
225 1.6 574449.37 2107000 14.7109476378837 0.0152755282525531 0.00701402460324882
226 1.6 574449.37 2106950 13.8211893249225 0.0112238263893045 0.00431533349595373
227 1.6 574499.37 2107950 12.9057916476116 0.0404023829911173 0.0119163050208826
228 1.6 574499.37 2107900 14.5968349014818 0.0426393128431522 0.0109643455821294
229 1.6 574499.37 2107850 16.1444454515823 0.0412490930212794 0.0167970918895885
230 1.6 574499.37 2107800 16.0512904731084 0.0337786990380236 0.0124391615508293
231 1.6 574499.37 2107750 16.1399385096339 0.0328904639722365 0.0118390506210854
232 1.6 574499.37 2107700 16.300828125674 0.0413141280216304 0.0114602099435821
233 1.6 574499.37 2107650 16.8189241254192 0.0288680755424896 0.0106979019124692
234 1.6 574499.37 2107600 16.7887814272997 0.0246418048311256 0.00842434566479362
235 1.6 574499.37 2107550 16.5682099235167 0.0285224054604885 0.00933412962499452
236 1.6 574499.37 2107500 16.6618590727089 0.028694425504962 0.00677658983204569
237 1.6 574499.37 2107450 16.2109371198351 0.0399897223539146 0.0135650854188132
238 1.6 574499.37 2107400 15.9831653763833 0.0393225292549349 0.0133080746244006
239 1.6 574499.37 2107350 16.0694811542405 0.0358035985344023 0.0128681264695864
240 1.6 574499.37 2107300 15.0819686605545 0.03947443603085 0.01356882205723
241 1.6 574499.37 2107250 15.285657638043 0.0261287337247132 0.00657885485770059
242 1.6 574499.37 2107200 14.8253945647365 0.0199836200620855 0.00743938725046907
243 1.6 574499.37 2107150 13.5714728588286 0.0124024950328783 0.00658285010756463
244 1.6 574499.37 2107100 14.3237226431001 0.0154973686746799 0.00700645791158752
245 1.6 574549.37 2108100 14.3682953185292 0.0561418424936054 0.0141011848730696
246 1.6 574549.37 2108050 16.2723392667484 0.0615143768775568 0.017788082266348
247 1.6 574549.37 2108000 16.2868735336897 0.0538894667343834 0.0138658327905224
248 1.6 574549.37 2107950 16.1841961394507 0.0379902198886074 0.010122405559759
249 1.6 574549.37 2107900 16.1489723408061 0.0397992281186267 0.0127276451530116
250 1.6 574549.37 2107850 16.5290348695381 0.0409166943878453 0.0149688447917945
201 1.78 574399.37 2107200 14.9457167239502 0.0347175864766693 0.00889971703359363
202 1.78 574399.37 2107150 15.1562057894697 0.0371421792944356 0.00865457395230456
203 1.78 574399.37 2107100 15.6404461710088 0.0264647023219312 0.00724791623378687
204 1.78 574399.37 2107050 15.527552625966 0.0225872445785461 0.00745456588549854
205 1.78 574399.37 2107000 15.2510273299612 0.0233970780184676 0.00695001501059887
206 1.78 574399.37 2106950 14.8924473232854 0.0179032901098643 0.00640099038836298
207 1.78 574399.37 2106900 14.6317325545431 0.0189663078379485 0.00782815369743144
208 1.78 574449.37 2107850 12.593699220177 0.0495321736161068 0.0127870587839819
209 1.78 574449.37 2107800 14.5596397611829 0.0357782631210074 0.0132879141330187
210 1.78 574449.37 2107750 14.8643491710495 0.046274520220435 0.0112560850253796
211 1.78 574449.37 2107700 15.9223568062892 0.0491421937542736 0.0152199755715094
212 1.78 574449.37 2107650 16.364472324835 0.047089766652493 0.0134246398295181
213 1.78 574449.37 2107600 16.5404602837461 0.038447118325937 0.0116019522927772
214 1.78 574449.37 2107550 16.6890626179922 0.0438413829768643 0.011740515033994
215 1.78 574449.37 2107500 16.8852000214404 0.0457149998003627 0.0123612439945088
216 1.78 574449.37 2107450 16.6302864007293 0.043783459914377 0.00936351348077123
217 1.78 574449.37 2107400 16.3564795449383 0.03443223328925 0.0089702479375729
218 1.78 574449.37 2107350 16.3392247920943 0.0449162190764262 0.009058596353316
219 1.78 574449.37 2107300 16.3508814726267 0.0397273112138827 0.0103899185101158
220 1.78 574449.37 2107250 15.2373171092206 0.0374775150035642 0.00865690214129934
221 1.78 574449.37 2107200 15.037399966551 0.0318581560833249 0.00881951255576198
222 1.78 574449.37 2107150 15.0456499287955 0.0357351299531704 0.00826013409118431
223 1.78 574449.37 2107100 15.270106798591 0.0289745629721174 0.00824215547512612
224 1.78 574449.37 2107050 15.3756299352015 0.0257164756132034 0.00796662238695744
225 1.78 574449.37 2107000 14.7109476378837 0 0
226 1.78 574449.37 2106950 13.8211893249225 0.0137886058362059 0.00486459826372181
227 1.78 574499.37 2107950 12.9057916476116 0.0613881291206109 0.0140448922922088
228 1.78 574499.37 2107900 14.5968349014818 0.0493368578924019 0.0131110639375158
229 1.78 574499.37 2107850 16.1444454515823 0.0504451062455403 0.0124251488172528
230 1.78 574499.37 2107800 16.0512904731084 0.041669489300641 0.010284648047983
231 1.78 574499.37 2107750 16.1399385096339 0.0459678908497702 0.0119029555193292
232 1.78 574499.37 2107700 16.300828125674 0.0398274898076866 0.0119127417971836
233 1.78 574499.37 2107650 16.8189241254192 0.0453881317144018 0.0128449778112407
234 1.78 574499.37 2107600 16.7887814272997 0.0369271474778632 0.0108231621140606
235 1.78 574499.37 2107550 16.5682099235167 0.0461777875572365 0.0128346833556456
236 1.78 574499.37 2107500 16.6618590727089 0.0469014645132663 0.0116590616057449
237 1.78 574499.37 2107450 16.2109371198351 0.0490370829697494 0.00995414194545981
238 1.78 574499.37 2107400 15.9831653763833 0.0357809083955888 0.0074646001925948
239 1.78 574499.37 2107350 16.0694811542405 0.0458152951222056 0.00941649498859765
240 1.78 574499.37 2107300 15.0819686605545 0 0
241 1.78 574499.37 2107250 15.285657638043 0.044586931136326 0.00846367843621515
242 1.78 574499.37 2107200 14.8253945647365 0.0360173610062511 0.00732988616117793
243 1.78 574499.37 2107150 13.5714728588286 0.0370206127239587 0.00666738816543502
244 1.78 574499.37 2107100 14.3237226431001 0.0130675335885951 0.00173229485228661
245 1.78 574549.37 2108100 14.3682953185292 0.0681645675893105 0.0148243129142918
246 1.78 574549.37 2108050 16.2723392667484 0.0647946948451018 0.0161473232998217
247 1.78 574549.37 2108000 16.2868735336897 0.050512588646824 0.0142429643188101
248 1.78 574549.37 2107950 16.1841961394507 0.0545758595046247 0.0140761428191153
249 1.78 574549.37 2107900 16.1489723408061 0.0521737130602278 0.0134425297588998
250 1.78 574549.37 2107850 16.5290348695381 0.0521737130602278 0.0134425297588998
201 2.49 574399.37 2107200 14.9457167239502 0.032848866417555 0.00943076009244043
202 2.49 574399.37 2107150 15.1562057894697 0.0309135443012693 0.00870000472029243
203 2.49 574399.37 2107100 15.6404461710088 0.0336409427095155 0.0105976812032882
204 2.49 574399.37 2107050 15.527552625966 0.0355638448111473 0.00939343437861923
205 2.49 574399.37 2107000 15.2510273299612 0.0275766053706557 0.00765841283956735
206 2.49 574399.37 2106950 14.8924473232854 0.0246408542498496 0.00857794717069828
207 2.49 574399.37 2106900 14.6317325545431 0.0287806158898864 0.00922169458795402
208 2.49 574449.37 2107850 12.593699220177 0.0556095047075129 0.0181947100566523
209 2.49 574449.37 2107800 14.5596397611829 0.0514067923909524 0.0204546362732134
210 2.49 574449.37 2107750 14.8643491710495 0.0466460440744728 0.0188361442066005
211 2.49 574449.37 2107700 15.9223568062892 0.0539372729462716 0.0186980003194996
212 2.49 574449.37 2107650 16.364472324835 0.0448552404385485 0.0153434455182494
213 2.49 574449.37 2107600 16.5404602837461 0.0487240144481013 0.0153112981108899
214 2.49 574449.37 2107550 16.6890626179922 0.0437760917119122 0.0129162962787151
215 2.49 574449.37 2107500 16.8852000214404 0.0498725396475764 0.0117149045975841
216 2.49 574449.37 2107450 16.6302864007293 0.0839648144099495 0.0200651822654532
217 2.49 574449.37 2107400 16.3564795449383 0.0577019415111316 0.0152217858738112
218 2.49 574449.37 2107350 16.3392247920943 0.0459974309887859 0.0135127935996905
219 2.49 574449.37 2107300 16.3508814726267 0.0480028456015525 0.0127766589739672
220 2.49 574449.37 2107250 15.2373171092206 0.0382402997198537 0.0126192094389834
221 2.49 574449.37 2107200 15.037399966551 0.0463457229157506 0.0120898537611133
222 2.49 574449.37 2107150 15.0456499287955 0.0396130500554228 0.00936985077341098
223 2.49 574449.37 2107100 15.270106798591 0.0376723629112608 0.00862571078704061
224 2.49 574449.37 2107050 15.3756299352015 0.0422325389763408 0.0138893356484932
225 2.49 574449.37 2107000 14.7109476378837 0.0422325389763408 0.0138893356484932
226 2.49 574449.37 2106950 13.8211893249225 0.026904692021417 0.00904283835017667
227 2.49 574499.37 2107950 12.9057916476116 0.0600496184681788 0.018847486202008
228 2.49 574499.37 2107900 14.5968349014818 0.0654568035064803 0.0216187263017957
229 2.49 574499.37 2107850 16.1444454515823 0.0601590844648921 0.0212039803541616
230 2.49 574499.37 2107800 16.0512904731084 0.0475062894894359 0.0148603046896553
231 2.49 574499.37 2107750 16.1399385096339 0.0486404367515807 0.0151759971848214
232 2.49 574499.37 2107700 16.300828125674 0.0526337838148133 0.0197511086197906
233 2.49 574499.37 2107650 16.8189241254192 0.0453699046114935 0.0182989741458809
234 2.49 574499.37 2107600 16.7887814272997 0.0500061134342287 0.0150001740007372
235 2.49 574499.37 2107550 16.5682099235167 0.0453015860346071 0.0169779748519317
236 2.49 574499.37 2107500 16.6618590727089 0.0582604388219078 0.0158987520448974
237 2.49 574499.37 2107450 16.2109371198351 0.0438627559862103 0.0169873345645737
238 2.49 574499.37 2107400 15.9831653763833 0.0330153497875474 0.0108846606703341
239 2.49 574499.37 2107350 16.0694811542405 0.0446600288053082 0.0112497530408694
240 2.49 574499.37 2107300 15.0819686605545 0.0531344191423565 0.0139501403433077
241 2.49 574499.37 2107250 15.285657638043 0.0531344191423565 0.0139501403433077
242 2.49 574499.37 2107200 14.8253945647365 0.0442358225590116 0.0121025130631701
243 2.49 574499.37 2107150 13.5714728588286 0.0321127401609629 0.00705456041122748
244 2.49 574499.37 2107100 14.3237226431001 0.0310279137949147 0.00842434239580898
245 2.49 574549.37 2108100 14.3682953185292 0.0802437631455475 0.0193095795250752
246 2.49 574549.37 2108050 16.2723392667484 0.082692860424008 0.0229723625438709
247 2.49 574549.37 2108000 16.2868735336897 0.082692860424008 0.0229723625438709
248 2.49 574549.37 2107950 16.1841961394507 0.0613178226140164 0.0201753130429267
249 2.49 574549.37 2107900 16.1489723408061 0.0682973762787368 0.0205145505887234
250 2.49 574549.37 2107850 16.5290348695381 0.0573014725428069 0.0171212217898665
201 2.58 574399.37 2107200 14.9457167239502 0.0431876218661423 0.0098155383879176
202 2.58 574399.37 2107150 15.1562057894697 0.0428370829367594 0.0102215792069335
203 2.58 574399.37 2107100 15.6404461710088 0.0444367910525281 0.00937228026046437
204 2.58 574399.37 2107050 15.527552625966 0.0374103613848506 0.0082154665017366
205 2.58 574399.37 2107000 15.2510273299612 0.0308070363358121 0.00814795152927033
206 2.58 574399.37 2106950 14.8924473232854 0.0294228813473353 0.00753046021206145
207 2.58 574399.37 2106900 14.6317325545431 0.0302628094233875 0.0067668337742052
208 2.58 574449.37 2107850 12.593699220177 0.072196175718199 0.0185594526335898
209 2.58 574449.37 2107800 14.5596397611829 0.0679387580489151 0.0191691005163298
210 2.58 574449.37 2107750 14.8643491710495 0.0666649845497413 0.0203400291453629
211 2.58 574449.37 2107700 15.9223568062892 0.0612544101180489 0.0172787349140762
212 2.58 574449.37 2107650 16.364472324835 0.0588946548769355 0.0171716378121643
213 2.58 574449.37 2107600 16.5404602837461 0.056731253300324 0.0157984551805281
214 2.58 574449.37 2107550 16.6890626179922 0.0536035014001362 0.0150273699558617
215 2.58 574449.37 2107500 16.8852000214404 0.0590986092502213 0.0131039963860098
216 2.58 574449.37 2107450 16.6302864007293 0.0566869415063422 0.0127874593025906
217 2.58 574449.37 2107400 16.3564795449383 0.057866007015534 0.0137924622578171
218 2.58 574449.37 2107350 16.3392247920943 0.055842137610023 0.0108360911972793
219 2.58 574449.37 2107300 16.3508814726267 0.0572410264047376 0.0114136791399252
220 2.58 574449.37 2107250 15.2373171092206 0.0568833935276326 0.0112889564499917
221 2.58 574449.37 2107200 15.037399966551 0.0503702360062549 0.0105801016260591
222 2.58 574449.37 2107150 15.0456499287955 0.0478552707756583 0.0105876523682179
223 2.58 574449.37 2107100 15.270106798591 0.0448749590397904 0.00880085974837345
224 2.58 574449.37 2107050 15.3756299352015 0.0416022311795895 0.00844532400312521
225 2.58 574449.37 2107000 14.7109476378837 0.0340372122567894 0.00645505559891306
226 2.58 574449.37 2106950 13.8211893249225 0.0801210957590948 0.0133552613534696
227 2.58 574499.37 2107950 12.9057916476116 0.0785572957694375 0.020304710391837
228 2.58 574499.37 2107900 14.5968349014818 0.0793776523870615 0.0215995086473502
229 2.58 574499.37 2107850 16.1444454515823 0.0659905569369721 0.0204057676844624
230 2.58 574499.37 2107800 16.0512904731084 0.0682250172777456 0.0182571104962255
231 2.58 574499.37 2107750 16.1399385096339 0.0664685236087871 0.0187307525291546
232 2.58 574499.37 2107700 16.300828125674 0.0645760558359284 0.0188424539697238
233 2.58 574499.37 2107650 16.8189241254192 0.0593524588089139 0.0179271956381048
234 2.58 574499.37 2107600 16.7887814272997 0.0573915594560786 0.0161515521822723
235 2.58 574499.37 2107550 16.5682099235167 0.0584002488799026 0.0155336062776096
236 2.58 574499.37 2107500 16.6618590727089 0.0583019365210675 0.0137284762584945
237 2.58 574499.37 2107450 16.2109371198351 0.0565253811216211 0.0145688020818314
238 2.58 574499.37 2107400 15.9831653763833 0.0556092870762154 0.0125103234812076
239 2.58 574499.37 2107350 16.0694811542405 0.0625447856439017 0.0121824196570402
240 2.58 574499.37 2107300 15.0819686605545 0.0575554597481681 0.0100415853136602
241 2.58 574499.37 2107250 15.285657638043 0.0556921171579037 0.00963764878837724
242 2.58 574499.37 2107200 14.8253945647365 0.0467032652545605 0.00901553039621655
243 2.58 574499.37 2107150 13.5714728588286 0.0467032652545605 0.00901722915413207
244 2.58 574499.37 2107100 14.3237226431001 0.0467032652545605 0.00901553039621655
245 2.58 574549.37 2108100 14.3682953185292 0.108986427026701 0.0226311400821902
246 2.58 574549.37 2108050 16.2723392667484 0.1062207470963 0.0232488674020522
247 2.58 574549.37 2108000 16.2868735336897 0.0995419919377652 0.0236270250172714
248 2.58 574549.37 2107950 16.1841961394507 0.0839985774637109 0.022173381611798
249 2.58 574549.37 2107900 16.1489723408061 0.0760099268099079 0.0207823770980638
250 2.58 574549.37 2107850 16.5290348695381 0.0760099268099079 0.0207823770980638
201 2.66 574399.37 2107200 14.9457167239502 0.0316578935475029 0.00936360733991741
202 2.66 574399.37 2107150 15.1562057894697 0.0291504266691452 0.00884775863165197
203 2.66 574399.37 2107100 15.6404461710088 0.0327345067483896 0.00891321419473219
204 2.66 574399.37 2107050 15.527552625966 0.0343255241462898 0.00950943441228062
205 2.66 574399.37 2107000 15.2510273299612 0.0349479476323719 0.0115931338412514
206 2.66 574399.37 2106950 14.8924473232854 0.0261538596855798 0.0159140543119079
207 2.66 574399.37 2106900 14.6317325545431 0.0227911811359571 0.00619319772938931
208 2.66 574449.37 2107850 12.593699220177 0.0708703291080437 0.0204919933956334
209 2.66 574449.37 2107800 14.5596397611829 0.0626063296009259 0.0161229092092009
210 2.66 574449.37 2107750 14.8643491710495 0.0536017341011432 0.0143938779121591
211 2.66 574449.37 2107700 15.9223568062892 0.0610048542854617 0.0154598368254509
212 2.66 574449.37 2107650 16.364472324835 0.0542171043312611 0.0143809422126698
213 2.66 574449.37 2107600 16.5404602837461 0.0463890740184373 0.0147564118806089
214 2.66 574449.37 2107550 16.6890626179922 0.0387677490907467 0.0116599741728688
215 2.66 574449.37 2107500 16.8852000214404 0.052791236445638 0.012643781175539
216 2.66 574449.37 2107450 16.6302864007293 0.0532196758164499 0.0148358517385299
217 2.66 574449.37 2107400 16.3564795449383 0.059557598367315 0.0156532391759791
218 2.66 574449.37 2107350 16.3392247920943 0.0490547987124414 0.0139324928222879
219 2.66 574449.37 2107300 16.3508814726267 0.0508709208525863 0.0121011786692646
220 2.66 574449.37 2107250 15.2373171092206 0.0412923588747963 0.0121489288100503
221 2.66 574449.37 2107200 15.037399966551 0.0466777085531953 0.00886967062599152
222 2.66 574449.37 2107150 15.0456499287955 0.03419668682529 0.00699379362689422
223 2.66 574449.37 2107100 15.270106798591 0.0380547309155115 0.00815019082440419
224 2.66 574449.37 2107050 15.3756299352015 0.043741795640906 0.011811187461717
225 2.66 574449.37 2107000 14.7109476378837 0.0377072718036004 0.00925397844766732
226 2.66 574449.37 2106950 13.8211893249225 0.0202279601619676 0.00511065901503579
227 2.66 574499.37 2107950 12.9057916476116 0.0688539283812477 0.0180897359632405
228 2.66 574499.37 2107900 14.5968349014818 0.0764792696633097 0.0186066949264789
229 2.66 574499.37 2107850 16.1444454515823 0.0634891005622957 0.0171881811758791
230 2.66 574499.37 2107800 16.0512904731084 0.0476312409312903 0.0138274315572682
231 2.66 574499.37 2107750 16.1399385096339 0.0561314881071541 0.0144536891266309
232 2.66 574499.37 2107700 16.300828125674 0.0639106218184439 0.0154724637164658
233 2.66 574499.37 2107650 16.8189241254192 0.0512476268380686 0.014507015686298
234 2.66 574499.37 2107600 16.7887814272997 0.0422007005766943 0.0107581033935868
235 2.66 574499.37 2107550 16.5682099235167 0.0364436362668304 0.0100644162745984
236 2.66 574499.37 2107500 16.6618590727089 0.0511416284369126 0.0122998946613746
237 2.66 574499.37 2107450 16.2109371198351 0.0705555073147707 0.016136008020198
238 2.66 574499.37 2107400 15.9831653763833 0.0598106114998186 0.0122774459814475
239 2.66 574499.37 2107350 16.0694811542405 0.0593950436486127 0.0120757890902391
240 2.66 574499.37 2107300 15.0819686605545 0.0697237795855588 0.0146234537073128
241 2.66 574499.37 2107250 15.285657638043 0.0441021012737389 0.0105418910746711
242 2.66 574499.37 2107200 14.8253945647365 0.0357212633973868 0.0100562259849309
243 2.66 574499.37 2107150 13.5714728588286 0.0334840828936843 0.010547092266951
244 2.66 574499.37 2107100 14.3237226431001 0.0369356124362108 0.008538180900447
245 2.66 574549.37 2108100 14.3682953185292 0.100942345490983 0.0218754153248126
246 2.66 574549.37 2108050 16.2723392667484 0.0848071501529598 0.02033630647167
247 2.66 574549.37 2108000 16.2868735336897 0.0869962416294379 0.0205891533809772
248 2.66 574549.37 2107950 16.1841961394507 0.0674854902732007 0.0173290462427264
249 2.66 574549.37 2107900 16.1489723408061 0.0718089921742312 0.0206084500997809
250 2.66 574549.37 2107850 16.5290348695381 0.0676122717345844 0.0214544692571031
201 2.84 574399.37 2107200 14.9457167239502 0.0394452121720293 0.0129520829526682
202 2.84 574399.37 2107150 15.1562057894697 0.0410262243743511 0.0106185954049624
203 2.84 574399.37 2107100 15.6404461710088 0.0434728022988543 0.0101903523602031
204 2.84 574399.37 2107050 15.527552625966 0.0510784456903871 0.0140227155291403
205 2.84 574399.37 2107000 15.2510273299612 0.0305195734315158 0.0124163606239679
206 2.84 574399.37 2106950 14.8924473232854 0.0246354497007639 0.00648465677145078
207 2.84 574399.37 2106900 14.6317325545431 0.0246354497007639 0.00648465677145078
208 2.84 574449.37 2107850 12.593699220177 0.0571990080359618 0.0170649890310221
209 2.84 574449.37 2107800 14.5596397611829 0.0571990080359618 0.0170649890310221
210 2.84 574449.37 2107750 14.8643491710495 0.0623845614132443 0.016682829374924
211 2.84 574449.37 2107700 15.9223568062892 0.0516924467286752 0.0144006714325339
212 2.84 574449.37 2107650 16.364472324835 0.0642965837600386 0.0238743614222249
213 2.84 574449.37 2107600 16.5404602837461 0.074786768487328 0.017846037524678
214 2.84 574449.37 2107550 16.6890626179922 0.0793492860531032 0.0228794093666702
215 2.84 574449.37 2107500 16.8852000214404 0.0569791768894406 0.0157957324502232
216 2.84 574449.37 2107450 16.6302864007293 0.0373689028502213 0.0101618966371685
217 2.84 574449.37 2107400 16.3564795449383 0.0406703162600432 0.0109301365406095
218 2.84 574449.37 2107350 16.3392247920943 0.051485371859646 0.0153318193750409
219 2.84 574449.37 2107300 16.3508814726267 0.0384684281505668 0.0154381254276032
220 2.84 574449.37 2107250 15.2373171092206 0.0540723954278822 0.0159441876476014
221 2.84 574449.37 2107200 15.037399966551 0.0460093652232067 0.00971102112121323
222 2.84 574449.37 2107150 15.0456499287955 0.043029642241732 0.0128964077755893
223 2.84 574449.37 2107100 15.270106798591 0.0434728022988543 0.0101903523602031
224 2.84 574449.37 2107050 15.3756299352015 0.0213250053085891 0.00511945964427084
225 2.84 574449.37 2107000 14.7109476378837 0.0340953991555082 0.0066528830296353
226 2.84 574449.37 2106950 13.8211893249225 0.0258461017452797 0.0153609376436526
227 2.84 574499.37 2107950 12.9057916476116 0.00338550563728228 0.00111031880884868
228 2.84 574499.37 2107900 14.5968349014818 0.073633438489916 0.0209493056852866
229 2.84 574499.37 2107850 16.1444454515823 0.0571618402221631 0.0259526795433572
230 2.84 574499.37 2107800 16.0512904731084 0.0498801985603087 0.0206511491477842
231 2.84 574499.37 2107750 16.1399385096339 0.0508177795244357 0.0203642514005901
232 2.84 574499.37 2107700 16.300828125674 0.0571933077712126 0.0199525488227448
233 2.84 574499.37 2107650 16.8189241254192 0.0423970154884786 0.0118399047068406
234 2.84 574499.37 2107600 16.7887814272997 0.0423970154884786 0.0118399047068406
235 2.84 574499.37 2107550 16.5682099235167 0.0464852838797708 0.0140041098016869
236 2.84 574499.37 2107500 16.6618590727089 0.0567285200573155 0.0125639525841797
237 2.84 574499.37 2107450 16.2109371198351 0.0411784020577113 0.016424617149123
238 2.84 574499.37 2107400 15.9831653763833 0.0347830861592124 0.00939355452627259
239 2.84 574499.37 2107350 16.0694811542405 0.035666797497454 0.0128093507344248
240 2.84 574499.37 2107300 15.0819686605545 0.0460335779713078 0.0106217610770049
241 2.84 574499.37 2107250 15.285657638043 0.0423167278881216 0.0135917292581853
242 2.84 574499.37 2107200 14.8253945647365 0.0401018959792258 0.00851949916359906
243 2.84 574499.37 2107150 13.5714728588286 0.0484003175546621 0.0096576330863544
244 2.84 574499.37 2107100 14.3237226431001 0.032884476828538 0.00955144898744419
245 2.84 574549.37 2108100 14.3682953185292 0.0793138990083605 0.0244046399748462
246 2.84 574549.37 2108050 16.2723392667484 0.00546202540214364 0.00161602959434866
247 2.84 574549.37 2108000 16.2868735336897 0.0705570719433937 0.0207877856622571
248 2.84 574549.37 2107950 16.1841961394507 0.089658998003029 0.0262387234868387
249 2.84 574549.37 2107900 16.1489723408061 0.0625394827747591 0.0182697054242028
250 2.84 574549.37 2107850 16.5290348695381 0.0554880762023527 0.0198915190609704
201 3.02 574399.37 2107200 14.9457167239502 0.0414174726318601 0.0135996870439436
202 3.02 574399.37 2107150 15.1562057894697 0.0430775350380323 0.0111495251740652
203 3.02 574399.37 2107100 15.6404461710088 0.0456464419626353 0.0106998699512582
204 3.02 574399.37 2107050 15.527552625966 0.0536323680081662 0.0147238513673221
205 3.02 574399.37 2107000 15.2510273299612 0.0320455524775191 0.0130371786504312
206 3.02 574399.37 2106950 14.8924473232854 0.0258672225857603 0.00680888963995961
207 3.02 574399.37 2106900 14.6317325545431 0.0258672225857603 0.00680888963995961
208 3.02 574449.37 2107850 12.593699220177 0.0600589585882669 0.0179182383933272
209 3.02 574449.37 2107800 14.5596397611829 0.0600589585882669 0.0179182383933272
210 3.02 574449.37 2107750 14.8643491710495 0.065503790050981 0.0175169708322593
211 3.02 574449.37 2107700 15.9223568062892 0.0542770691003372 0.0151207049910253
212 3.02 574449.37 2107650 16.364472324835 0.0675114128173001 0.0250680795041425
213 3.02 574449.37 2107600 16.5404602837461 0.0785261076553161 0.0187383393846588
214 3.02 574449.37 2107550 16.6890626179922 0.0833167495494394 0.0240233798337845
215 3.02 574449.37 2107500 16.8852000214404 0.0598281357352842 0.016585519079463
216 3.02 574449.37 2107450 16.6302864007293 0.0392373483127449 0.0106699914646668
217 3.02 574449.37 2107400 16.3564795449383 0.0427038319737836 0.01147664335422
218 3.02 574449.37 2107350 16.3392247920943 0.0540596396882364 0.0160984103120734
219 3.02 574449.37 2107300 16.3508814726267 0.0403918492156328 0.0162100316672303
220 3.02 574449.37 2107250 15.2373171092206 0.0567760156985861 0.0167413970209366
221 3.02 574449.37 2107200 15.037399966551 0.0483098332179763 0.0101965721810494
222 3.02 574449.37 2107150 15.0456499287955 0.0451811241458167 0.0135412282077362
223 3.02 574449.37 2107100 15.270106798591 0.0456464419626353 0.0106998699512582
224 3.02 574449.37 2107050 15.3756299352015 0.0223912561226377 0.00537543263222871
225 3.02 574449.37 2107000 14.7109476378837 0.0358001692059519 0.00698552717945992
226 3.02 574449.37 2106950 13.8211893249225 0.0271384071866966 0.0161289845330477
227 3.02 574499.37 2107950 12.9057916476116 0.00355478094413515 0.0011658347498885
228 3.02 574499.37 2107900 14.5968349014818 0.0773151098337654 0.0219967709532598
229 3.02 574499.37 2107850 16.1444454515823 0.0600199322611087 0.0272503135401846
230 3.02 574499.37 2107800 16.0512904731084 0.0523742083613947 0.0216837066857906
231 3.02 574499.37 2107750 16.1399385096339 0.0533586684074535 0.0213824639047336
232 3.02 574499.37 2107700 16.300828125674 0.0600529734943608 0.020950176273428
233 3.02 574499.37 2107650 16.8189241254192 0.0445168661182223 0.012431899955243
234 3.02 574499.37 2107600 16.7887814272997 0.0445168661182223 0.012431899955243
235 3.02 574499.37 2107550 16.5682099235167 0.04880954830784 0.0147043152999204
236 3.02 574499.37 2107500 16.6618590727089 0.0595649463735883 0.0131921502287508
237 3.02 574499.37 2107450 16.2109371198351 0.0432373217822574 0.0172458480017048
238 3.02 574499.37 2107400 15.9831653763833 0.0365222411142062 0.00986323225074301
239 3.02 574499.37 2107350 16.0694811542405 0.0374501371723242 0.0134498182326795
240 3.02 574499.37 2107300 15.0819686605545 0.048335257215528 0.0111528491714052
241 3.02 574499.37 2107250 15.285657638043 0.044432564432119 0.0142713157627934
242 3.02 574499.37 2107200 14.8253945647365 0.0421069908280748 0.00894547414071261
243 3.02 574499.37 2107150 13.5714728588286 0.0508203337266213 0.0101405148170641
244 3.02 574499.37 2107100 14.3237226431001 0.0345287007162551 0.0100290214123664
245 3.02 574549.37 2108100 14.3682953185292 0.0832795944588099 0.0256248720452284
246 3.02 574549.37 2108050 16.2723392667484 0.005735126687153 0.00169683107469432
247 3.02 574549.37 2108000 16.2868735336897 0.0740849249940947 0.0218271749204998
248 3.02 574549.37 2107950 16.1841961394507 0.0941419477192655 0.0275506596033891
249 3.02 574549.37 2107900 16.1489723408061 0.0656664564665975 0.0191831906902052
250 3.02 574549.37 2107850 16.5290348695381 0.0582624801933359 0.0208860950094879
201 3.2 574399.37 2107200 14.9457167239502 0.0517951273674689 0.0167502879812122
202 3.2 574399.37 2107150 15.1562057894697 0.0431363757027575 0.0138461979790264
203 3.2 574399.37 2107100 15.6404461710088 0.0368451041693749 0.013824853315129
204 3.2 574399.37 2107050 15.527552625966 0.0368451041693749 0.013824853315129
205 3.2 574399.37 2107000 15.2510273299612 0.0331851605736935 0.0122108867806499
206 3.2 574399.37 2106950 14.8924473232854 0.031239147122737 0.0112175479921167
207 3.2 574399.37 2106900 14.6317325545431 0.031239147122737 0.0112175479921167
208 3.2 574449.37 2107850 12.593699220177 0.0738559935745365 0.0277099487861442
209 3.2 574449.37 2107800 14.5596397611829 0.0674584791586757 0.0248164250895461
210 3.2 574449.37 2107750 14.8643491710495 0.0673154299168422 0.0237512050036173
211 3.2 574449.37 2107700 15.9223568062892 0.0608752862098748 0.0216748639206031
212 3.2 574449.37 2107650 16.364472324835 0.0580478098296789 0.0212624494464824
213 3.2 574449.37 2107600 16.5404602837461 0.0648735290364504 0.0192997962955851
214 3.2 574449.37 2107550 16.6890626179922 0.0688554538157801 0.0195819118219023
215 3.2 574449.37 2107500 16.8852000214404 0.0695118253946538 0.0225513236334077
216 3.2 574449.37 2107450 16.6302864007293 0.0671073355768937 0.0203312218398186
217 3.2 574449.37 2107400 16.3564795449383 0.0651715986062996 0.0189081603671067
218 3.2 574449.37 2107350 16.3392247920943 0.0801983228586201 0.0245576953616624
219 3.2 574449.37 2107300 16.3508814726267 0.0634606254662692 0.019076148614444
220 3.2 574449.37 2107250 15.2373171092206 0.0550734913969597 0.016465580805005
221 3.2 574449.37 2107200 15.037399966551 0.0560373413979349 0.0147849515574945
222 3.2 574449.37 2107150 15.0456499287955 0.0560373413979349 0.0147849515574945
223 3.2 574449.37 2107100 15.270106798591 0.0438423871491438 0.0138617157155165
224 3.2 574449.37 2107050 15.3756299352015 0.0399877724006482 0.0141651795543142
225 3.2 574449.37 2107000 14.7109476378837 0.0331851605736935 0.0122108867806499
226 3.2 574449.37 2106950 13.8211893249225 0.0435602307377253 0.0111625891393322
227 3.2 574499.37 2107950 12.9057916476116 0.0810771480211721 0.0224132899405531
228 3.2 574499.37 2107900 14.5968349014818 0.0785370944555654 0.024450633987418
229 3.2 574499.37 2107850 16.1444454515823 0.0911642366274326 0.031047614212611
230 3.2 574499.37 2107800 16.0512904731084 0.0662300894552461 0.0220488989706808
231 3.2 574499.37 2107750 16.1399385096339 0.062528161917724 0.0206638810510917
232 3.2 574499.37 2107700 16.300828125674 0.0652759433148421 0.0238622473147679
233 3.2 574499.37 2107650 16.8189241254192 0.0613471799098871 0.0200457010469892
234 3.2 574499.37 2107600 16.7887814272997 0.0613479800157221 0.0200451096431412
235 3.2 574499.37 2107550 16.5682099235167 0.0688554538157801 0.0195819118219023
236 3.2 574499.37 2107500 16.6618590727089 0.0621054171965417 0.0171755365787584
237 3.2 574499.37 2107450 16.2109371198351 0.0569943553645313 0.0161375374378754
238 3.2 574499.37 2107400 15.9831653763833 0.0618491039810209 0.0174076026216572
239 3.2 574499.37 2107350 16.0694811542405 0.0625607320710676 0.0184263472718207
240 3.2 574499.37 2107300 15.0819686605545 0.0637420974703052 0.0167685034039474
241 3.2 574499.37 2107250 15.285657638043 0.0556999538565208 0.0176332677617685
242 3.2 574499.37 2107200 14.8253945647365 0.0616165316006902 0.0147250246515445
243 3.2 574499.37 2107150 13.5714728588286 0.0460451720742582 0.0126044484430258
244 3.2 574499.37 2107100 14.3237226431001 0.0539430964797769 0.0122852247856073
245 3.2 574549.37 2108100 14.3682953185292 0.0911769948498309 0.0286157869773407
246 3.2 574549.37 2108050 16.2723392667484 0.0923291803529604 0.0297251923269931
247 3.2 574549.37 2108000 16.2868735336897 0.100406875366769 0.0300896450447384
248 3.2 574549.37 2107950 16.1841961394507 0.0797393141668128 0.0248505769394577
249 3.2 574549.37 2107900 16.1489723408061 0.0905887003374964 0.030538269618107
250 3.2 574549.37 2107850 16.5290348695381 0.0911642366274326 0.031047614212611
201 3.37 574399.37 2107200 14.9457167239502 0.0466156149347408 0.0150752591685355
202 3.37 574399.37 2107150 15.1562057894697 0.0388227382324273 0.0124615781530557
203 3.37 574399.37 2107100 15.6404461710088 0.0331605942850379 0.0124423679955117
204 3.37 574399.37 2107050 15.527552625966 0.0331605942850379 0.0124423679955117
205 3.37 574399.37 2107000 15.2510273299612 0.0298666446116428 0.0109897981374545
206 3.37 574399.37 2106950 14.8924473232854 0.0281152331026641 0.0100957931845936
207 3.37 574399.37 2106900 14.6317325545431 0.0281152331026641 0.0100957931845936
208 3.37 574449.37 2107850 12.593699220177 0.0664703945775291 0.024938953884637
209 3.37 574449.37 2107800 14.5596397611829 0.0607126311533301 0.0223347826255918
210 3.37 574449.37 2107750 14.8643491710495 0.0605838868183647 0.0213760845032015
211 3.37 574449.37 2107700 15.9223568062892 0.0547877579962577 0.0195073775494037
212 3.37 574449.37 2107650 16.364472324835 0.0522430288843684 0.0191362045390738
213 3.37 574449.37 2107600 16.5404602837461 0.0583861764420787 0.0173698166595606
214 3.37 574449.37 2107550 16.6890626179922 0.0619699083906461 0.0176237206362452
215 3.37 574449.37 2107500 16.8852000214404 0.062560642779151 0.0202961912499347
216 3.37 574449.37 2107450 16.6302864007293 0.0603966025698833 0.0182980996763834
217 3.37 574449.37 2107400 16.3564795449383 0.0586544392957415 0.0170173443021413
218 3.37 574449.37 2107350 16.3392247920943 0.0721784903921878 0.0221019258530073
219 3.37 574449.37 2107300 16.3508814726267 0.0571145631074547 0.017168533749296
220 3.37 574449.37 2107250 15.2373171092206 0.0495661421504554 0.0148190227265521
221 3.37 574449.37 2107200 15.037399966551 0.0504336071519591 0.0133064563513059
222 3.37 574449.37 2107150 15.0456499287955 0.0504336071519591 0.0133064563513059
223 3.37 574449.37 2107100 15.270106798591 0.0394581483271394 0.012475544137931
224 3.37 574449.37 2107050 15.3756299352015 0.0359889951626815 0.0127486616092054
225 3.37 574449.37 2107000 14.7109476378837 0.0298666446116428 0.0109897981374545
226 3.37 574449.37 2106950 13.8211893249225 0.0392042082856454 0.0100463301939614
227 3.37 574499.37 2107950 12.9057916476116 0.0729694332477232 0.0201719609971704
228 3.37 574499.37 2107900 14.5968349014818 0.0706833847100525 0.0220055705157896
229 3.37 574499.37 2107850 16.1444454515823 0.0820478128789399 0.0279428527688281
230 3.37 574499.37 2107800 16.0512904731084 0.0596070809060556 0.0198440090751983
231 3.37 574499.37 2107750 16.1399385096339 0.0562753457485878 0.0185974929350772
232 3.37 574499.37 2107700 16.300828125674 0.0587483487886436 0.0214760225173586
233 3.37 574499.37 2107650 16.8189241254192 0.0552124615568195 0.0180411309706203
234 3.37 574499.37 2107600 16.7887814272997 0.0552131823223784 0.0180405987070587
235 3.37 574499.37 2107550 16.5682099235167 0.0619699083906461 0.0176237206362452
236 3.37 574499.37 2107500 16.6618590727089 0.0558948760227421 0.0154579828841874
237 3.37 574499.37 2107450 16.2109371198351 0.0512949198276308 0.0145237836482615
238 3.37 574499.37 2107400 15.9831653763833 0.0556641937755015 0.0156668423948416
239 3.37 574499.37 2107350 16.0694811542405 0.0563046589987716 0.0165837125145367
240 3.37 574499.37 2107300 15.0819686605545 0.057367887668869 0.0150916530917942
241 3.37 574499.37 2107250 15.285657638043 0.0501299579150443 0.0158699409715916
242 3.37 574499.37 2107200 14.8253945647365 0.0554548782257429 0.0132525221620654
243 3.37 574499.37 2107150 13.5714728588286 0.0414406544691638 0.0113440035597243
244 3.37 574499.37 2107100 14.3237226431001 0.0485487864600708 0.0110567022774682
245 3.37 574549.37 2108100 14.3682953185292 0.0820592952594425 0.0257542082826637
246 3.37 574549.37 2108050 16.2723392667484 0.0830962615665246 0.0267526730710739
247 3.37 574549.37 2108000 16.2868735336897 0.0903661876360606 0.027080680496713
248 3.37 574549.37 2107950 16.1841961394507 0.0717653832525476 0.0223655192407965
249 3.37 574549.37 2107900 16.1489723408061 0.0815298299251522 0.0274844426755975
250 3.37 574549.37 2107850 16.5290348695381 0.0820478128789399 0.0279428527688281
201 3.44 574399.37 2107200 14.9457167239502 0.0517951273674689 0.0167502879812122
202 3.44 574399.37 2107150 15.1562057894697 0.0307905095181567 0.00737733125889502
203 3.44 574399.37 2107100 15.6404461710088 0.0399877724006482 0.0141651795543142
204 3.44 574399.37 2107050 15.527552625966 0.0399877724006482 0.0141651795543142
205 3.44 574399.37 2107000 15.2510273299612 0.0331851605736935 0.0122108867806499
206 3.44 574399.37 2106950 14.8924473232854 0.031239147122737 0.0112175479921167
207 3.44 574399.37 2106900 14.6317325545431 0.031239147122737 0.0112175479921167
208 3.44 574449.37 2107850 12.593699220177 0.0738559935745365 0.0277099487861442
209 3.44 574449.37 2107800 14.5596397611829 0.0674584791586757 0.0248164250895461
210 3.44 574449.37 2107750 14.8643491710495 0.0673154299168422 0.0237512050036173
211 3.44 574449.37 2107700 15.9223568062892 0.0608752862098748 0.0216748639206031
212 3.44 574449.37 2107650 16.364472324835 0.0580478098296789 0.0212624494464824
213 3.44 574449.37 2107600 16.5404602837461 0.0648735290364504 0.0192997962955851
214 3.44 574449.37 2107550 16.6890626179922 0.0688554538157801 0.0195819118219023
215 3.44 574449.37 2107500 16.8852000214404 0.0695118253946538 0.0225513236334077
216 3.44 574449.37 2107450 16.6302864007293 0.0671073355768937 0.0203312218398186
217 3.44 574449.37 2107400 16.3564795449383 0.0651715986062996 0.0189081603671067
218 3.44 574449.37 2107350 16.3392247920943 0.0801983228586201 0.0245576953616624
219 3.44 574449.37 2107300 16.3508814726267 0.0634606254662692 0.019076148614444
220 3.44 574449.37 2107250 15.2373171092206 0.0550734913969597 0.016465580805005
221 3.44 574449.37 2107200 15.037399966551 0.0560373413979349 0.0147849515574945
222 3.44 574449.37 2107150 15.0456499287955 0.0560373413979349 0.0147849515574945
223 3.44 574449.37 2107100 15.270106798591 0.0438423871491438 0.0138617157155165
224 3.44 574449.37 2107050 15.3756299352015 0.0399877724006482 0.0141651795543142
225 3.44 574449.37 2107000 14.7109476378837 0.0331851605736935 0.0122108867806499
226 3.44 574449.37 2106950 13.8211893249225 0.0435602307377253 0.0111625891393322
227 3.44 574499.37 2107950 12.9057916476116 0.0810771480211721 0.0224132899405531
228 3.44 574499.37 2107900 14.5968349014818 0.0785370944555654 0.024450633987418
229 3.44 574499.37 2107850 16.1444454515823 0.0911642366274326 0.031047614212611
230 3.44 574499.37 2107800 16.0512904731084 0.0662300894552461 0.0220488989706808
231 3.44 574499.37 2107750 16.1399385096339 0.062528161917724 0.0206638810510917
232 3.44 574499.37 2107700 16.300828125674 0.0652759433148421 0.0238622473147679
233 3.44 574499.37 2107650 16.8189241254192 0.0613471799098871 0.0200457010469892
234 3.44 574499.37 2107600 16.7887814272997 0.0613479800157221 0.0200451096431412
235 3.44 574499.37 2107550 16.5682099235167 0.0688554538157801 0.0195819118219023
236 3.44 574499.37 2107500 16.6618590727089 0.0621054171965417 0.0171755365787584
237 3.44 574499.37 2107450 16.2109371198351 0.0569943553645313 0.0161375374378754
238 3.44 574499.37 2107400 15.9831653763833 0.0618491039810209 0.0174076026216572
239 3.44 574499.37 2107350 16.0694811542405 0.0625607320710676 0.0184263472718207
240 3.44 574499.37 2107300 15.0819686605545 0.0637420974703052 0.0167685034039474
241 3.44 574499.37 2107250 15.285657638043 0.0556999538565208 0.0176332677617685
242 3.44 574499.37 2107200 14.8253945647365 0.0616165316006902 0.0147250246515445
243 3.44 574499.37 2107150 13.5714728588286 0.0460451720742582 0.0126044484430258
244 3.44 574499.37 2107100 14.3237226431001 0.0539430964797769 0.0122852247856073
245 3.44 574549.37 2108100 14.3682953185292 0.0911769948498309 0.0286157869773407
246 3.44 574549.37 2108050 16.2723392667484 0.0923291803529604 0.0297251923269931
247 3.44 574549.37 2108000 16.2868735336897 0.100406875366769 0.0300896450447384
248 3.44 574549.37 2107950 16.1841961394507 0.0797393141668128 0.0248505769394577
249 3.44 574549.37 2107900 16.1489723408061 0.0905887003374964 0.030538269618107
250 3.44 574549.37 2107850 16.5290348695381 0.0911642366274326 0.031047614212611
201 3.55 574399.37 2107200 14.9457167239502 0.050241273841241 0.0162477793247662
202 3.55 574399.37 2107150 15.1562057894697 0.0418422838623153 0.0134308120301029
203 3.55 574399.37 2107100 15.6404461710088 0.035739751225382 0.0134101077313859
204 3.55 574399.37 2107050 15.527552625966 0.035739751225382 0.0134101077313859
205 3.55 574399.37 2107000 15.2510273299612 0.0321896060800248 0.0118445602180944
206 3.55 574399.37 2106950 14.8924473232854 0.0303019727216981 0.0108810215127496
207 3.55 574399.37 2106900 14.6317325545431 0.0303019727216981 0.0108810215127496
208 3.55 574449.37 2107850 12.593699220177 0.071640314551776 0.0268786503759402
209 3.55 574449.37 2107800 14.5596397611829 0.0654347247576019 0.0240719323188396
210 3.55 574449.37 2107750 14.8643491710495 0.0652959666961556 0.0230386688232646
211 3.55 574449.37 2107700 15.9223568062892 0.0590490275121749 0.0210246180411362
212 3.55 574449.37 2107650 16.364472324835 0.0563063758535578 0.020624576004639
213 3.55 574449.37 2107600 16.5404602837461 0.0629273228321974 0.0187208023377777
214 3.55 574449.37 2107550 16.6890626179922 0.0667897901003996 0.0189944544665191
215 3.55 574449.37 2107500 16.8852000214404 0.0674264702514172 0.0218747839124275
216 3.55 574449.37 2107450 16.6302864007293 0.0650941156185831 0.0197212852071013
217 3.55 574449.37 2107400 16.3564795449383 0.0632164508156105 0.0183409155087501
218 3.55 574449.37 2107350 16.3392247920943 0.0777923728727964 0.0238209645252581
219 3.55 574449.37 2107300 16.3508814726267 0.0615568061855937 0.0185038641673874
220 3.55 574449.37 2107250 15.2373171092206 0.0534212867203499 0.0159716133897753
221 3.55 574449.37 2107200 15.037399966551 0.0543562209276936 0.0143414029978838
222 3.55 574449.37 2107150 15.0456499287955 0.0543562209276936 0.0143414029978838
223 3.55 574449.37 2107100 15.270106798591 0.0425271155012128 0.0134458642177657
224 3.55 574449.37 2107050 15.3756299352015 0.0387881396098637 0.0137402241820465
225 3.55 574449.37 2107000 14.7109476378837 0.0321896060800248 0.0118445602180944
226 3.55 574449.37 2106950 13.8211893249225 0.0422534238657672 0.0108277114626256
227 3.55 574499.37 2107950 12.9057916476116 0.0786448339994024 0.0217408912667778
228 3.55 574499.37 2107900 14.5968349014818 0.0761809808320859 0.0237171148922814
229 3.55 574499.37 2107850 16.1444454515823 0.0884293100909632 0.0301161857678261
230 3.55 574499.37 2107800 16.0512904731084 0.0642431862923001 0.0213874319823065
231 3.55 574499.37 2107750 16.1399385096339 0.0606523177569937 0.020043964689616
232 3.55 574499.37 2107700 16.300828125674 0.0633176650937191 0.0231463798931111
233 3.55 574499.37 2107650 16.8189241254192 0.0595067645724524 0.0194443300393399
234 3.55 574499.37 2107600 16.7887814272997 0.0595075406575033 0.0194437563821766
235 3.55 574499.37 2107550 16.5682099235167 0.0667897901003996 0.0189944544665191
236 3.55 574499.37 2107500 16.6618590727089 0.0602422547000374 0.0166602704716704
237 3.55 574499.37 2107450 16.2109371198351 0.0552845247030138 0.0156534112684074
238 3.55 574499.37 2107400 15.9831653763833 0.0599936314192967 0.0168853745258598
239 3.55 574499.37 2107350 16.0694811542405 0.0606839098816356 0.0178735567873193
240 3.55 574499.37 2107300 15.0819686605545 0.0618298347446932 0.0162654483044094
241 3.55 574499.37 2107250 15.285657638043 0.0540289546092559 0.0171042697282636
242 3.55 574499.37 2107200 14.8253945647365 0.0597680364711489 0.0142832739261198
243 3.55 574499.37 2107150 13.5714728588286 0.0446638161941955 0.0122263149607712
244 3.55 574499.37 2107100 14.3237226431001 0.0523248040123801 0.0119166680192252
245 3.55 574549.37 2108100 14.3682953185292 0.0884416855639305 0.0277573134161089
246 3.55 574549.37 2108050 16.2723392667484 0.0895593047929033 0.0288334364920223
247 3.55 574549.37 2108000 16.2868735336897 0.0973946689990838 0.0291869557195751
248 3.55 574549.37 2107950 16.1841961394507 0.0773471346550052 0.024105059641443
249 3.55 574549.37 2107900 16.1489723408061 0.087871039452292 0.0296221215832118
250 3.55 574549.37 2107850 16.5290348695381 0.0884293100909632 0.0301161857678261
201 4.3 574399.37 2107200 14.9457167239502 0.0501052645312451 0.0123603941170348
202 4.3 574399.37 2107150 15.1562057894697 0.0452032572136219 0.0115197665392063
203 4.3 574399.37 2107100 15.6404461710088 0.0386000619725343 0.010980275503328
204 4.3 574399.37 2107050 15.527552625966 0.0326552771407226 0.00818609533050027
205 4.3 574399.37 2107000 15.2510273299612 0.0271118688128811 0.00823146740698058
206 4.3 574399.37 2106950 14.8924473232854 0.0318051673499784 0.00860181983086968
207 4.3 574399.37 2106900 14.6317325545431 0.0240588235840219 0.00703367756227978
208 4.3 574449.37 2107850 12.593699220177 0.0724348388285482 0.0228401829648159
209 4.3 574449.37 2107800 14.5596397611829 0.0683527829498474 0.0202582634982935
210 4.3 574449.37 2107750 14.8643491710495 0.0688635219409126 0.0205741033229176
211 4.3 574449.37 2107700 15.9223568062892 0.0651545359527246 0.0171022903260454
212 4.3 574449.37 2107650 16.364472324835 0.0633977342795776 0.0178878003457551
213 4.3 574449.37 2107600 16.5404602837461 0.0696319119784302 0.0201726208982989
214 4.3 574449.37 2107550 16.6890626179922 0.0653144345845528 0.0191862634375191
215 4.3 574449.37 2107500 16.8852000214404 0.0659941909496136 0.0179102547419036
216 4.3 574449.37 2107450 16.6302864007293 0.0666983778812656 0.0145377178111135
217 4.3 574449.37 2107400 16.3564795449383 0.060767737975218 0.0131183905543563
218 4.3 574449.37 2107350 16.3392247920943 0.0606316737100922 0.0142501065997956
219 4.3 574449.37 2107300 16.3508814726267 0.0610900642920107 0.0118076108829355
220 4.3 574449.37 2107250 15.2373171092206 0.0556914305646686 0.0124310207536378
221 4.3 574449.37 2107200 15.037399966551 0.0521939666237767 0.0144544866198862
222 4.3 574449.37 2107150 15.0456499287955 0.0521939666237767 0.0144544866198862
223 4.3 574449.37 2107100 15.270106798591 0.0246385600165459 0.00579852793799972
224 4.3 574449.37 2107050 15.3756299352015 0.0384757228783181 0.00811013478618339
225 4.3 574449.37 2107000 14.7109476378837 0.0441799380904813 0.0110636332512652
226 4.3 574449.37 2106950 13.8211893249225 0.0483695491229443 0.0108346299820721
227 4.3 574499.37 2107950 12.9057916476116 0.0863797743463321 0.0228389361020843
228 4.3 574499.37 2107900 14.5968349014818 0.083592215718873 0.0244247574828328
229 4.3 574499.37 2107850 16.1444454515823 0.0751969695531084 0.0220089815834832
230 4.3 574499.37 2107800 16.0512904731084 0.0688635219409126 0.0205741033229176
231 4.3 574499.37 2107750 16.1399385096339 0.0708674726227276 0.0186810494584209
232 4.3 574499.37 2107700 16.300828125674 0.0653333461109303 0.0177310044381389
233 4.3 574499.37 2107650 16.8189241254192 0.0653209839242447 0.0153495955068801
234 4.3 574499.37 2107600 16.7887814272997 0.0664214376308319 0.0183466851531508
235 4.3 574499.37 2107550 16.5682099235167 0.0661011322409438 0.0171097849268638
236 4.3 574499.37 2107500 16.6618590727089 0.0600947615867777 0.0137889864778381
237 4.3 574499.37 2107450 16.2109371198351 0.0664670854419515 0.0140755507962955
238 4.3 574499.37 2107400 15.9831653763833 0.058777475808592 0.0128961762058274
239 4.3 574499.37 2107350 16.0694811542405 0.0662912962860413 0.0127440259282748
240 4.3 574499.37 2107300 15.0819686605545 0.0612193571133599 0.013346150690954
241 4.3 574499.37 2107250 15.285657638043 0.0589764945281647 0.0116136023111929
242 4.3 574499.37 2107200 14.8253945647365 0.0516299524370232 0.0104432314317427
243 4.3 574499.37 2107150 13.5714728588286 0.0505728521646948 0.0102992431803881
244 4.3 574499.37 2107100 14.3237226431001 0.0458389786707168 0.00933047904092845
245 4.3 574549.37 2108100 14.3682953185292 0.144247769912597 0.0327410741949287
246 4.3 574549.37 2108050 16.2723392667484 0.0918157846138445 0.0267948217587373
247 4.3 574549.37 2108000 16.2868735336897 0.0966228947565298 0.0254321608844027
248 4.3 574549.37 2107950 16.1841961394507 0.112631765412888 0.0273364233049596
249 4.3 574549.37 2107900 16.1489723408061 0.123895374863168 0.0292339634297689
250 4.3 574549.37 2107850 16.5290348695381 0.0679421084194255 0.0209943071839053
201 6.02 574399.37 2107200 14.9457167239502 0.0535016522207747 0.0129404924530571
202 6.02 574399.37 2107150 15.1562057894697 0.0414225912005158 0.0132734805828109
203 6.02 574399.37 2107100 15.6404461710088 0.0482790884941484 0.0112761677032677
204 6.02 574399.37 2107050 15.527552625966 0.0526931452884185 0.0158572682930155
205 6.02 574399.37 2107000 15.2510273299612 0.0390739525127912 0.00998234155170864
206 6.02 574399.37 2106950 14.8924473232854 0.0339937820547574 0.0083367317110439
207 6.02 574399.37 2106900 14.6317325545431 0.03306760479011 0.00659968046223497
208 6.02 574449.37 2107850 12.593699220177 0.0925382796812045 0.028703934766215
209 6.02 574449.37 2107800 14.5596397611829 0.0885010868064765 0.0340826924730066
210 6.02 574449.37 2107750 14.8643491710495 0.0732401252494868 0.0295743966658149
211 6.02 574449.37 2107700 15.9223568062892 0.0831805728884218 0.029230693078533
212 6.02 574449.37 2107650 16.364472324835 0.0759131828338432 0.0227262497072904
213 6.02 574449.37 2107600 16.5404602837461 0.071998872958212 0.0222558599001261
214 6.02 574449.37 2107550 16.6890626179922 0.0749478781111824 0.0201616759555601
215 6.02 574449.37 2107500 16.8852000214404 0.0775686623035823 0.0236608710377513
216 6.02 574449.37 2107450 16.6302864007293 0.0715439193429001 0.0200917501689225
217 6.02 574449.37 2107400 16.3564795449383 0.0751865423358436 0.0156541600527285
218 6.02 574449.37 2107350 16.3392247920943 0.0795239934789235 0.0189957760861129
219 6.02 574449.37 2107300 16.3508814726267 0.062018210738011 0.0172184412310965
220 6.02 574449.37 2107250 15.2373171092206 0.0597780990839593 0.0163336726537617
221 6.02 574449.37 2107200 15.037399966551 0.0547007257766024 0.0171773060527848
222 6.02 574449.37 2107150 15.0456499287955 0.0500298530747184 0.0159672747135448
223 6.02 574449.37 2107100 15.270106798591 0.0589794183096962 0.0112606597348434
224 6.02 574449.37 2107050 15.3756299352015 0.0511300103489045 0.0128607228387637
225 6.02 574449.37 2107000 14.7109476378837 0.0366672651296919 0.0102634423794253
226 6.02 574449.37 2106950 13.8211893249225 0.0316845725441364 0.00765990170912243
227 6.02 574499.37 2107950 12.9057916476116 0.0849735350318365 0.0304766477997122
228 6.02 574499.37 2107900 14.5968349014818 0.0897166334005909 0.0346509713503773
229 6.02 574499.37 2107850 16.1444454515823 0.0795173532103378 0.0214187649794752
230 6.02 574499.37 2107800 16.0512904731084 0.0816064366463977 0.0257767778322999
231 6.02 574499.37 2107750 16.1399385096339 0.0690315644138528 0.0268225298137597
232 6.02 574499.37 2107700 16.300828125674 0.0817575599494887 0.0292237931864003
233 6.02 574499.37 2107650 16.8189241254192 0.0775479570944243 0.0242401184151088
234 6.02 574499.37 2107600 16.7887814272997 0.0775832341874741 0.0239202781039556
235 6.02 574499.37 2107550 16.5682099235167 0.0821472981506555 0.0228873173753418
236 6.02 574499.37 2107500 16.6618590727089 0.0754593329911911 0.0187800077694424
237 6.02 574499.37 2107450 16.2109371198351 0.066216881786037 0.0202525437608899
238 6.02 574499.37 2107400 15.9831653763833 0.0760219230447405 0.0166794298987852
239 6.02 574499.37 2107350 16.0694811542405 0.0761390893595984 0.0197438361197547
240 6.02 574499.37 2107300 15.0819686605545 0.0614088239561375 0.0166874455039346
241 6.02 574499.37 2107250 15.285657638043 0.0614707020034626 0.013724967779814
242 6.02 574499.37 2107200 14.8253945647365 0.0560018009081443 0.0129995658729423
243 6.02 574499.37 2107150 13.5714728588286 0.0397463538912274 0.0162818597947235
244 6.02 574499.37 2107100 14.3237226431001 0.0389765177548242 0.0116780901926164
245 6.02 574549.37 2108100 14.3682953185292 0.135812801108361 0.0317013774539322
246 6.02 574549.37 2108050 16.2723392667484 0.115707724030817 0.0296898977008673
247 6.02 574549.37 2108000 16.2868735336897 0.108198677573108 0.0269931366704404
248 6.02 574549.37 2107950 16.1841961394507 0.100551340954466 0.0297728292093604
249 6.02 574549.37 2107900 16.1489723408061 0.084139693177305 0.0269421346304552
250 6.02 574549.37 2107850 16.5290348695381 0.089316263465053 0.0255970413052063
201 8.6 574399.37 2107200 14.9457167239502 0.0580223912523205 0.0169553353788657
202 8.6 574399.37 2107150 15.1562057894697 0.0570367195653798 0.016869713128146
203 8.6 574399.37 2107100 15.6404461710088 0.0517809174741922 0.0127216600432424
204 8.6 574399.37 2107050 15.527552625966 0.0566032636293932 0.0143729741716921
205 8.6 574399.37 2107000 15.2510273299612 0.0443011083568336 0.0124439685840518
206 8.6 574399.37 2106950 14.8924473232854 0.0420950474137281 0.00948797525526812
207 8.6 574399.37 2106900 14.6317325545431 0.0291920831592446 0.00810842037722208
208 8.6 574449.37 2107850 12.593699220177 0.091354711468338 0.0273945155850646
209 8.6 574449.37 2107800 14.5596397611829 0.087546895219849 0.0248139258696437
210 8.6 574449.37 2107750 14.8643491710495 0.0805372976655929 0.0239577932049548
211 8.6 574449.37 2107700 15.9223568062892 0.0872726680803387 0.0251095524071178
212 8.6 574449.37 2107650 16.364472324835 0.0858006461965752 0.0220714225241224
213 8.6 574449.37 2107600 16.5404602837461 0.0782871800558402 0.0241960620479026
214 8.6 574449.37 2107550 16.6890626179922 0.089397022762575 0.025984583825336
215 8.6 574449.37 2107500 16.8852000214404 0.085599477903731 0.0201752466889526
216 8.6 574449.37 2107450 16.6302864007293 0.078390908080159 0.0226334956784561
217 8.6 574449.37 2107400 16.3564795449383 0.0820159117044841 0.0239751752709927
218 8.6 574449.37 2107350 16.3392247920943 0.0726316768602471 0.0162464565187389
219 8.6 574449.37 2107300 16.3508814726267 0.076710093516327 0.0187086937444492
220 8.6 574449.37 2107250 15.2373171092206 0.0861614084588124 0.0202947038037579
221 8.6 574449.37 2107200 15.037399966551 0.0662742728542502 0.0148017400508126
222 8.6 574449.37 2107150 15.0456499287955 0.0700303950715836 0.0171127256688001
223 8.6 574449.37 2107100 15.270106798591 0.0826179829531634 0.0174020376125205
224 8.6 574449.37 2107050 15.3756299352015 0.032337434480099 0.00710926470688057
225 8.6 574449.37 2107000 14.7109476378837 0.0421091544170394 0.0104544146423608
226 8.6 574449.37 2106950 13.8211893249225 0.0487691142932247 0.0121008332185186
227 8.6 574499.37 2107950 12.9057916476116 0.107649897946413 0.0330094412388617
228 8.6 574499.37 2107900 14.5968349014818 0.0990746660506862 0.0330534830975689
229 8.6 574499.37 2107850 16.1444454515823 0.0962707113142539 0.0262068751648626
230 8.6 574499.37 2107800 16.0512904731084 0.0888258532394518 0.0277891916819142
231 8.6 574499.37 2107750 16.1399385096339 0.0818641211190485 0.0242506042910776
232 8.6 574499.37 2107700 16.300828125674 0.0818641211190485 0.0242506042910776
233 8.6 574499.37 2107650 16.8189241254192 0.0809063244189419 0.0242150208464444
234 8.6 574499.37 2107600 16.7887814272997 0.0729373740208578 0.0215168709648802
235 8.6 574499.37 2107550 16.5682099235167 0.0772454466231821 0.0197703008784976
236 8.6 574499.37 2107500 16.6618590727089 0.08150823517058 0.0221122083970393
237 8.6 574499.37 2107450 16.2109371198351 0.0845579656568124 0.0221686386835596
238 8.6 574499.37 2107400 15.9831653763833 0.0933625010438201 0.0201108323769545
239 8.6 574499.37 2107350 16.0694811542405 0.0768161509890347 0.0221518287700084
240 8.6 574499.37 2107300 15.0819686605545 0.0747771212770111 0.0194785915808695
241 8.6 574499.37 2107250 15.285657638043 0.0718575020828919 0.015566569876373
242 8.6 574499.37 2107200 14.8253945647365 0.0639726003568119 0.0134356557474719
243 8.6 574499.37 2107150 13.5714728588286 0.058210049704294 0.0140091286428572
244 8.6 574499.37 2107100 14.3237226431001 0.0584772727899366 0.0125548068763217
245 8.6 574549.37 2108100 14.3682953185292 0.145042160942398 0.0367573771969771
246 8.6 574549.37 2108050 16.2723392667484 0.129143956047253 0.0342604783872721
247 8.6 574549.37 2108000 16.2868735336897 0.126469655265732 0.0342508821913249
248 8.6 574549.37 2107950 16.1841961394507 0.120077904493955 0.0334260527616831
249 8.6 574549.37 2107900 16.1489723408061 0.0955886000985593 0.0304161788569572
250 8.6 574549.37 2107850 16.5290348695381 0.109935119856499 0.0308329607891174
201 12.05 574399.37 2107200 14.9457167239502 0.0629024359812459 0.0211096207484664
202 12.05 574399.37 2107150 15.1562057894697 0.0776117772443179 0.0198120703858254
203 12.05 574399.37 2107100 15.6404461710088 0.0794496731579907 0.0234246066650512
204 12.05 574399.37 2107050 15.527552625966 0.073532529687135 0.0174854595020742
205 12.05 574399.37 2107000 15.2510273299612 0.0765215378234171 0.0142744427010069
206 12.05 574399.37 2106950 14.8924473232854 0.0758542039956343 0.0130295959866269
207 12.05 574399.37 2106900 14.6317325545431 0.0523700432412082 0.00832158180887075
208 12.05 574449.37 2107850 12.593699220177 0.106917908385736 0.037654849709202
209 12.05 574449.37 2107800 14.5596397611829 0.106917908385736 0.037654849709202
210 12.05 574449.37 2107750 14.8643491710495 0.123377495625546 0.0357799939417383
211 12.05 574449.37 2107700 15.9223568062892 0.120570304886185 0.0326747011833557
212 12.05 574449.37 2107650 16.364472324835 0.119388668476623 0.0387595078647498
213 12.05 574449.37 2107600 16.5404602837461 0.109455684214075 0.0362824141080769
214 12.05 574449.37 2107550 16.6890626179922 0.11679716059214 0.0370877494949381
215 12.05 574449.37 2107500 16.8852000214404 0.10822539678043 0.0329430482482144
216 12.05 574449.37 2107450 16.6302864007293 0.106238309094255 0.0292198963195692
217 12.05 574449.37 2107400 16.3564795449383 0.112552743135864 0.0305876494283497
218 12.05 574449.37 2107350 16.3392247920943 0.0960929459204869 0.0261100442947016
219 12.05 574449.37 2107300 16.3508814726267 0.0940608595799755 0.023820193065157
220 12.05 574449.37 2107250 15.2373171092206 0.0949070824113026 0.0214197270680991
221 12.05 574449.37 2107200 15.037399966551 0.0902092018840591 0.0192508035478184
222 12.05 574449.37 2107150 15.0456499287955 0.0817795008077297 0.0162610162195105
223 12.05 574449.37 2107100 15.270106798591 0.0874742125360731 0.0159564988863141
224 12.05 574449.37 2107050 15.3756299352015 0.075971931950907 0.0160034948622172
225 12.05 574449.37 2107000 14.7109476378837 0.0716286503677891 0.012505431142503
226 12.05 574449.37 2106950 13.8211893249225 0.0719304499975915 0.0108829005708282
227 12.05 574499.37 2107950 12.9057916476116 0.130521031776941 0.0370864021944995
228 12.05 574499.37 2107900 14.5968349014818 0.124137626351944 0.0354729047604677
229 12.05 574499.37 2107850 16.1444454515823 0.116714658574 0.0334545152130922
230 12.05 574499.37 2107800 16.0512904731084 0.116383776069377 0.037536593540658
231 12.05 574499.37 2107750 16.1399385096339 0.109828939340886 0.0343872304938471
232 12.05 574499.37 2107700 16.300828125674 0.123596416243308 0.0349797243482167
233 12.05 574499.37 2107650 16.8189241254192 0.113973308892385 0.0363024882310085
234 12.05 574499.37 2107600 16.7887814272997 0.1104855458043 0.0329182718802119
235 12.05 574499.37 2107550 16.5682099235167 0.107409259161815 0.0320145503642652
236 12.05 574499.37 2107500 16.6618590727089 0.103388150862793 0.0335907278558613
237 12.05 574499.37 2107450 16.2109371198351 0.107546554819465 0.0306165793302504
238 12.05 574499.37 2107400 15.9831653763833 0.106967539922643 0.0294521782631405
239 12.05 574499.37 2107350 16.0694811542405 0.106902757794247 0.0272345665928506
240 12.05 574499.37 2107300 15.0819686605545 0.0914236425079435 0.023788488158568
241 12.05 574499.37 2107250 15.285657638043 0.102435323917145 0.0228024920471826
242 12.05 574499.37 2107200 14.8253945647365 0.106084663613119 0.0255617969257757
243 12.05 574499.37 2107150 13.5714728588286 0.0906423878600021 0.019754451337862
244 12.05 574499.37 2107100 14.3237226431001 0.0841036191371963 0.0171247400067513
245 12.05 574549.37 2108100 14.3682953185292 0.163838273344487 0.041630371908422
246 12.05 574549.37 2108050 16.2723392667484 0.142289229455951 0.0391450426512949
247 12.05 574549.37 2108000 16.2868735336897 0.143510390276469 0.0381844010961837
248 12.05 574549.37 2107950 16.1841961394507 0.138628618684358 0.0397151262387108
249 12.05 574549.37 2107900 16.1489723408061 0.135021790773522 0.0377182170797506
250 12.05 574549.37 2107850 16.5290348695381 0.124609871359068 0.0402410750703699
201 15.5 574399.37 2107200 14.9457167239502 0.108383377227807 0.0223123185547241
202 15.5 574399.37 2107150 15.1562057894697 0.0994762530099238 0.024891958455292
203 15.5 574399.37 2107100 15.6404461710088 0.0955061716973445 0.0253327047141803
204 15.5 574399.37 2107050 15.527552625966 0.0732722094857005 0.014207639502775
205 15.5 574399.37 2107000 15.2510273299612 0.0893575855903427 0.0156558230984147
206 15.5 574399.37 2106950 14.8924473232854 0.100814741952161 0.0190850865044194
207 15.5 574399.37 2106900 14.6317325545431 0.0639121232034564 0.0134372556622549
208 15.5 574449.37 2107850 12.593699220177 0.116124428179344 0.034394517648588
209 15.5 574449.37 2107800 14.5596397611829 0.124086353344114 0.0366702455963742
210 15.5 574449.37 2107750 14.8643491710495 0.116586573505738 0.0369485063545217
211 15.5 574449.37 2107700 15.9223568062892 0.125556750870548 0.034965317149981
212 15.5 574449.37 2107650 16.364472324835 0.12223326725362 0.0330644365516171
213 15.5 574449.37 2107600 16.5404602837461 0.121120959121939 0.0321042568635193
214 15.5 574449.37 2107550 16.6890626179922 0.124554388082932 0.03331874885688
215 15.5 574449.37 2107500 16.8852000214404 0.125617750424154 0.0300588643681964
216 15.5 574449.37 2107450 16.6302864007293 0.110087898795793 0.0279289789894934
217 15.5 574449.37 2107400 16.3564795449383 0.122454041457723 0.0327133183415554
218 15.5 574449.37 2107350 16.3392247920943 0.109427620379001 0.0237380422142664
219 15.5 574449.37 2107300 16.3508814726267 0.106306384539598 0.023159905081465
220 15.5 574449.37 2107250 15.2373171092206 0.115869385829288 0.0257191310230304
221 15.5 574449.37 2107200 15.037399966551 0.0996960607734954 0.0194885075926833
222 15.5 574449.37 2107150 15.0456499287955 0.0963369155778843 0.0201781271472241
223 15.5 574449.37 2107100 15.270106798591 0.10265489789527 0.0221158437025903
224 15.5 574449.37 2107050 15.3756299352015 0.0638207736526857 0.012425297282556
225 15.5 574449.37 2107000 14.7109476378837 0.0768701713095127 0.0148634746840458
226 15.5 574449.37 2106950 13.8211893249225 0.0777369721831732 0.0176564048712244
227 15.5 574499.37 2107950 12.9057916476116 0.133079279135718 0.0385464942984982
228 15.5 574499.37 2107900 14.5968349014818 0.14312453990981 0.0377114433423515
229 15.5 574499.37 2107850 16.1444454515823 0.156606694355551 0.0395256999338148
230 15.5 574499.37 2107800 16.0512904731084 0.124969585820308 0.0359467259931192
231 15.5 574499.37 2107750 16.1399385096339 0.112810744012021 0.0374068121302396
232 15.5 574499.37 2107700 16.300828125674 0.124067448241331 0.0365567858199342
233 15.5 574499.37 2107650 16.8189241254192 0.131931845239512 0.0331196805498305
234 15.5 574499.37 2107600 16.7887814272997 0.112657636714404 0.0318637053523626
235 15.5 574499.37 2107550 16.5682099235167 0.123912119174389 0.0366064537616664
236 15.5 574499.37 2107500 16.6618590727089 0.128218589023061 0.0309067236573363
237 15.5 574499.37 2107450 16.2109371198351 0.115683238340234 0.0296922308307729
238 15.5 574499.37 2107400 15.9831653763833 0.121325306871936 0.0337909660713283
239 15.5 574499.37 2107350 16.0694811542405 0.113194984380524 0.0261433128787839
240 15.5 574499.37 2107300 15.0819686605545 0.105807037218265 0.0241119085627215
241 15.5 574499.37 2107250 15.285657638043 0.115003921000195 0.026066833447026
242 15.5 574499.37 2107200 14.8253945647365 0.0839762534027711 0.0156872523406079
243 15.5 574499.37 2107150 13.5714728588286 0.0906159990559967 0.0171830438784091
244 15.5 574499.37 2107100 14.3237226431001 0.106973173308093 0.0212046297152649
245 15.5 574549.37 2108100 14.3682953185292 0.17246873211516 0.0425426616321433
246 15.5 574549.37 2108050 16.2723392667484 0.168045120304576 0.0402736518261682
247 15.5 574549.37 2108000 16.2868735336897 0.193458382902637 0.0435572275810089
248 15.5 574549.37 2107950 16.1841961394507 0.128541185833955 0.0371499261294821
249 15.5 574549.37 2107900 16.1489723408061 0.124041722191231 0.0341018787260284
250 15.5 574549.37 2107850 16.5290348695381 0.141280154260021 0.0363171053719417
